Date,Dernier,Ouv., Plus Haut,Plus Bas,Vol.,Variation %,Close,High,Low,Open
07/05/2014,"38,00","38,00","38,00","38,00","3,74M","2,70%",38.0,38.0,38.0,38.0
08/05/2014,"38,00","38,00","38,00","38,00","173,32K","0,00%",38.0,38.0,38.0,38.0
09/05/2014,"38,00","38,00","38,00","38,00","77,05K","0,00%",38.0,38.0,38.0,38.0
12/05/2014,"40,00","40,00","40,00","40,00","775,81K","5,26%",40.0,40.0,40.0,40.0
13/05/2014,"40,00","40,00","40,00","40,00","126,02K","0,00%",40.0,40.0,40.0,40.0
14/05/2014,"39,00","39,00","39,00","39,00","335,45K","-2,50%",39.0,39.0,39.0,39.0
15/05/2014,"40,00","40,00","40,00","40,00","278,63K","2,56%",40.0,40.0,40.0,40.0
16/05/2014,"39,00","39,00","39,00","39,00","424,55K","-2,50%",39.0,39.0,39.0,39.0
19/05/2014,"39,00","39,00","39,00","39,00","17,40K","0,00%",39.0,39.0,39.0,39.0
20/05/2014,"40,00","40,00","40,00","40,00","54,23K","2,56%",40.0,40.0,40.0,40.0
21/05/2014,"39,00","39,00","39,00","39,00","133,89K","-2,50%",39.0,39.0,39.0,39.0
22/05/2014,"39,00","39,00","39,00","39,00","368,81K","0,00%",39.0,39.0,39.0,39.0
23/05/2014,"40,00","40,00","40,00","40,00","15,45K","2,56%",40.0,40.0,40.0,40.0
26/05/2014,"40,00","40,00","40,00","40,00","8,34K","0,00%",40.0,40.0,40.0,40.0
27/05/2014,"39,00","39,00","39,00","39,00","129,44K","-2,50%",39.0,39.0,39.0,39.0
28/05/2014,"40,00","40,00","40,00","40,00","9,65K","2,56%",40.0,40.0,40.0,40.0
30/05/2014,"40,00","40,00","40,00","40,00","691,72K","0,00%",40.0,40.0,40.0,40.0
02/06/2014,"39,00","39,00","39,00","39,00","25,03K","-2,50%",39.0,39.0,39.0,39.0
03/06/2014,"40,00","40,00","40,00","40,00","17,50K","2,56%",40.0,40.0,40.0,40.0
04/06/2014,"40,00","40,00","40,00","40,00","38,57K","0,00%",40.0,40.0,40.0,40.0
05/06/2014,"40,00","40,00","40,00","40,00","36,21K","0,00%",40.0,40.0,40.0,40.0
06/06/2014,"39,00","39,00","39,00","39,00","85,47K","-2,50%",39.0,39.0,39.0,39.0
10/06/2014,"40,00","40,00","40,00","40,00","52,57K","2,56%",40.0,40.0,40.0,40.0
11/06/2014,"39,00","39,00","39,00","39,00","80,84K","-2,50%",39.0,39.0,39.0,39.0
12/06/2014,"40,00","40,00","40,00","40,00","48,36K","2,56%",40.0,40.0,40.0,40.0
13/06/2014,"40,00","40,00","40,00","40,00","182,77K","0,00%",40.0,40.0,40.0,40.0
16/06/2014,"41,00","41,00","41,00","41,00","100,72K","2,50%",41.0,41.0,41.0,41.0
17/06/2014,"41,00","41,00","41,00","41,00","38,27K","0,00%",41.0,41.0,41.0,41.0
18/06/2014,"41,00","41,00","41,00","41,00","128,11K","0,00%",41.0,41.0,41.0,41.0
19/06/2014,"40,00","40,00","40,00","40,00","87,63K","-2,44%",40.0,40.0,40.0,40.0
20/06/2014,"41,00","41,00","41,00","41,00","55,73K","2,50%",41.0,41.0,41.0,41.0
23/06/2014,"41,00","41,00","41,00","41,00","7,66K","0,00%",41.0,41.0,41.0,41.0
24/06/2014,"41,00","41,00","41,00","41,00","334,29K","0,00%",41.0,41.0,41.0,41.0
25/06/2014,"42,00","42,00","42,00","42,00","76,83K","2,44%",42.0,42.0,42.0,42.0
26/06/2014,"41,00","41,00","41,00","41,00","72,68K","-2,38%",41.0,41.0,41.0,41.0
27/06/2014,"44,00","44,00","44,00","44,00","237,38K","7,32%",44.0,44.0,44.0,44.0
30/06/2014,"47,00","47,00","47,00","47,00","23,09K","6,82%",47.0,47.0,47.0,47.0
01/07/2014,"46,00","46,00","46,00","46,00","24,84K","-2,13%",46.0,46.0,46.0,46.0
02/07/2014,"45,00","45,00","45,00","45,00","256,10K","-2,17%",45.0,45.0,45.0,45.0
03/07/2014,"44,00","44,00","44,00","44,00","35,77K","-2,22%",44.0,44.0,44.0,44.0
04/07/2014,"44,00","44,00","44,00","44,00","4,39K","0,00%",44.0,44.0,44.0,44.0
07/07/2014,"44,00","44,00","44,00","44,00","24,97K","0,00%",44.0,44.0,44.0,44.0
08/07/2014,"43,00","43,00","43,00","43,00","24,20K","-2,27%",43.0,43.0,43.0,43.0
09/07/2014,"42,00","42,00","42,00","42,00","296,04K","-2,33%",42.0,42.0,42.0,42.0
10/07/2014,"44,00","44,00","44,00","44,00","337,99K","4,76%",44.0,44.0,44.0,44.0
11/07/2014,"44,00","44,00","44,00","44,00","61,73K","0,00%",44.0,44.0,44.0,44.0
14/07/2014,"45,00","45,00","45,00","45,00","261,21K","2,27%",45.0,45.0,45.0,45.0
15/07/2014,"45,00","45,00","45,00","45,00","116,80K","0,00%",45.0,45.0,45.0,45.0
16/07/2014,"45,00","45,00","45,00","45,00","173,03K","0,00%",45.0,45.0,45.0,45.0
17/07/2014,"46,00","46,00","46,00","46,00","22,49K","2,22%",46.0,46.0,46.0,46.0
18/07/2014,"45,00","45,00","45,00","45,00","66,62K","-2,17%",45.0,45.0,45.0,45.0
21/07/2014,"45,00","45,00","45,00","45,00","181,99K","0,00%",45.0,45.0,45.0,45.0
22/07/2014,"45,00","45,00","45,00","45,00","136,44K","0,00%",45.0,45.0,45.0,45.0
23/07/2014,"46,00","46,00","46,00","46,00","170,05K","2,22%",46.0,46.0,46.0,46.0
25/07/2014,"45,00","45,00","45,00","45,00","282,04K","-2,17%",45.0,45.0,45.0,45.0
29/07/2014,"45,00","45,00","45,00","45,00","13,61K","0,00%",45.0,45.0,45.0,45.0
30/07/2014,"45,00","45,00","45,00","45,00","63,57K","0,00%",45.0,45.0,45.0,45.0
31/07/2014,"45,00","45,00","45,00","45,00","261,34K","0,00%",45.0,45.0,45.0,45.0
01/08/2014,"45,00","45,00","45,00","45,00","159,45K","0,00%",45.0,45.0,45.0,45.0
04/08/2014,"46,00","46,00","46,00","46,00","10,72M","2,22%",46.0,46.0,46.0,46.0
05/08/2014,"45,00","45,00","45,00","45,00","47,75K","-2,17%",45.0,45.0,45.0,45.0
06/08/2014,"46,00","46,00","46,00","46,00","212,73K","2,22%",46.0,46.0,46.0,46.0
08/08/2014,"46,00","46,00","46,00","46,00","3,07M","0,00%",46.0,46.0,46.0,46.0
11/08/2014,"47,00","47,00","47,00","47,00","7,78M","2,17%",47.0,47.0,47.0,47.0
12/08/2014,"48,00","48,00","48,00","48,00","151,09K","2,13%",48.0,48.0,48.0,48.0
13/08/2014,"47,00","47,00","47,00","47,00","134,81K","-2,08%",47.0,47.0,47.0,47.0
14/08/2014,"46,00","46,00","46,00","46,00","246,38K","-2,13%",46.0,46.0,46.0,46.0
18/08/2014,"46,00","46,00","46,00","46,00","379,98K","0,00%",46.0,46.0,46.0,46.0
19/08/2014,"46,00","46,00","46,00","46,00","283,77K","0,00%",46.0,46.0,46.0,46.0
20/08/2014,"46,00","46,00","46,00","46,00","62,75K","0,00%",46.0,46.0,46.0,46.0
21/08/2014,"47,00","47,00","47,00","47,00","16,90K","2,17%",47.0,47.0,47.0,47.0
22/08/2014,"47,00","47,00","47,00","47,00","12,15K","0,00%",47.0,47.0,47.0,47.0
25/08/2014,"47,00","47,00","47,00","47,00","1,13K","0,00%",47.0,47.0,47.0,47.0
26/08/2014,"47,00","47,00","47,00","47,00","70,13K","0,00%",47.0,47.0,47.0,47.0
27/08/2014,"46,00","46,00","46,00","46,00","484,09K","-2,13%",46.0,46.0,46.0,46.0
28/08/2014,"47,00","47,00","47,00","47,00","5,61K","2,17%",47.0,47.0,47.0,47.0
29/08/2014,"47,00","47,00","47,00","47,00","453,67K","0,00%",47.0,47.0,47.0,47.0
01/09/2014,"47,00","47,00","47,00","47,00","3,88K","0,00%",47.0,47.0,47.0,47.0
02/09/2014,"47,00","47,00","47,00","47,00","284,36K","0,00%",47.0,47.0,47.0,47.0
03/09/2014,"47,00","47,00","47,00","47,00","151,27K","0,00%",47.0,47.0,47.0,47.0
04/09/2014,"48,00","48,00","48,00","48,00","115,52K","2,13%",48.0,48.0,48.0,48.0
05/09/2014,"48,00","48,00","48,00","48,00","89,63K","0,00%",48.0,48.0,48.0,48.0
08/09/2014,"50,00","50,00","50,00","50,00","84,69K","4,17%",50.0,50.0,50.0,50.0
09/09/2014,"50,00","50,00","50,00","50,00","14,98K","0,00%",50.0,50.0,50.0,50.0
10/09/2014,"49,00","49,00","49,00","49,00","39,46K","-2,00%",49.0,49.0,49.0,49.0
11/09/2014,"49,00","49,00","49,00","49,00","39,46K","0,00%",49.0,49.0,49.0,49.0
12/09/2014,"49,00","49,00","49,00","49,00","784,08K","0,00%",49.0,49.0,49.0,49.0
15/09/2014,"52,00","52,00","52,00","52,00","29,69K","6,12%",52.0,52.0,52.0,52.0
16/09/2014,"55,00","55,00","55,00","55,00","132,68K","5,77%",55.0,55.0,55.0,55.0
17/09/2014,"57,00","57,00","57,00","57,00","2,32M","3,64%",57.0,57.0,57.0,57.0
18/09/2014,"59,00","59,00","59,00","59,00","532,87K","3,51%",59.0,59.0,59.0,59.0
19/09/2014,"60,00","60,00","60,00","60,00","719,65K","1,69%",60.0,60.0,60.0,60.0
22/09/2014,"60,00","60,00","60,00","60,00","3,29M","0,00%",60.0,60.0,60.0,60.0
23/09/2014,"59,00","59,00","59,00","59,00","772,53K","-1,67%",59.0,59.0,59.0,59.0
24/09/2014,"59,00","59,00","59,00","59,00","1,41M","0,00%",59.0,59.0,59.0,59.0
25/09/2014,"59,00","59,00","59,00","59,00","2,40M","0,00%",59.0,59.0,59.0,59.0
26/09/2014,"59,00","59,00","59,00","59,00","250,17K","0,00%",59.0,59.0,59.0,59.0
29/09/2014,"58,00","58,00","58,00","58,00","117,66K","-1,69%",58.0,58.0,58.0,58.0
30/09/2014,"58,00","58,00","58,00","58,00","450,21K","0,00%",58.0,58.0,58.0,58.0
01/10/2014,"59,00","59,00","59,00","59,00","167,12K","1,72%",59.0,59.0,59.0,59.0
02/10/2014,"58,00","58,00","58,00","58,00","617,01K","-1,69%",58.0,58.0,58.0,58.0
03/10/2014,"56,00","56,00","56,00","56,00","430,28K","-3,45%",56.0,56.0,56.0,56.0
06/10/2014,"58,00","58,00","58,00","58,00","6,72K","3,57%",58.0,58.0,58.0,58.0
07/10/2014,"57,00","57,00","57,00","57,00","63,55K","-1,72%",57.0,57.0,57.0,57.0
08/10/2014,"56,00","56,00","56,00","56,00","13,93K","-1,75%",56.0,56.0,56.0,56.0
09/10/2014,"56,00","56,00","56,00","56,00","229,22K","0,00%",56.0,56.0,56.0,56.0
10/10/2014,"55,00","55,00","55,00","55,00","719,71K","-1,79%",55.0,55.0,55.0,55.0
13/10/2014,"53,00","53,00","53,00","53,00","15,25K","-3,64%",53.0,53.0,53.0,53.0
14/10/2014,"56,00","56,00","56,00","56,00","17,52K","5,66%",56.0,56.0,56.0,56.0
15/10/2014,"53,00","53,00","53,00","53,00","76,80K","-5,36%",53.0,53.0,53.0,53.0
16/10/2014,"53,00","53,00","53,00","53,00","6,20K","0,00%",53.0,53.0,53.0,53.0
17/10/2014,"52,00","52,00","52,00","52,00","314,73K","-1,89%",52.0,52.0,52.0,52.0
20/10/2014,"50,00","50,00","50,00","50,00","86,56K","-3,85%",50.0,50.0,50.0,50.0
21/10/2014,"49,00","49,00","49,00","49,00","239,59K","-2,00%",49.0,49.0,49.0,49.0
22/10/2014,"49,00","49,00","49,00","49,00","39,41K","0,00%",49.0,49.0,49.0,49.0
23/10/2014,"50,00","50,00","50,00","50,00","510,24K","2,04%",50.0,50.0,50.0,50.0
24/10/2014,"49,00","49,00","49,00","49,00","248,10K","-2,00%",49.0,49.0,49.0,49.0
27/10/2014,"50,00","50,00","50,00","50,00","837,41K","2,04%",50.0,50.0,50.0,50.0
28/10/2014,"49,00","49,00","49,00","49,00","29,14K","-2,00%",49.0,49.0,49.0,49.0
29/10/2014,"50,00","50,00","50,00","50,00","485,63K","2,04%",50.0,50.0,50.0,50.0
30/10/2014,"50,00","50,00","50,00","50,00","586,51K","0,00%",50.0,50.0,50.0,50.0
31/10/2014,"51,00","51,00","51,00","51,00","34,13K","2,00%",51.0,51.0,51.0,51.0
03/11/2014,"51,00","51,00","51,00","51,00","84,40K","0,00%",51.0,51.0,51.0,51.0
04/11/2014,"51,00","51,00","51,00","51,00","472,10K","0,00%",51.0,51.0,51.0,51.0
05/11/2014,"51,00","51,00","51,00","51,00","62,38K","0,00%",51.0,51.0,51.0,51.0
06/11/2014,"52,00","52,00","52,00","52,00","998,96K","1,96%",52.0,52.0,52.0,52.0
07/11/2014,"51,00","51,00","51,00","51,00","25,77K","-1,92%",51.0,51.0,51.0,51.0
10/11/2014,"51,00","51,00","51,00","51,00","16,92K","0,00%",51.0,51.0,51.0,51.0
11/11/2014,"49,00","49,00","49,00","49,00","171,45K","-3,92%",49.0,49.0,49.0,49.0
12/11/2014,"50,00","50,00","50,00","50,00","324,94K","2,04%",50.0,50.0,50.0,50.0
13/11/2014,"50,00","50,00","50,00","50,00","116,23K","0,00%",50.0,50.0,50.0,50.0
14/11/2014,"50,00","50,00","50,00","50,00","36,95K","0,00%",50.0,50.0,50.0,50.0
17/11/2014,"50,00","50,00","50,00","50,00","2,71K","0,00%",50.0,50.0,50.0,50.0
18/11/2014,"49,00","49,00","49,00","49,00","63,17K","-2,00%",49.0,49.0,49.0,49.0
19/11/2014,"50,00","50,00","50,00","50,00","93,52K","2,04%",50.0,50.0,50.0,50.0
20/11/2014,"49,00","49,00","49,00","49,00","47,96K","-2,00%",49.0,49.0,49.0,49.0
21/11/2014,"49,00","49,00","49,00","49,00","69,29K","0,00%",49.0,49.0,49.0,49.0
24/11/2014,"48,00","48,00","48,00","48,00","59,59K","-2,04%",48.0,48.0,48.0,48.0
25/11/2014,"50,00","50,00","50,00","50,00","480,33K","4,17%",50.0,50.0,50.0,50.0
26/11/2014,"48,00","48,00","48,00","48,00","49,63K","-4,00%",48.0,48.0,48.0,48.0
27/11/2014,"49,00","49,00","49,00","49,00","9,12K","2,08%",49.0,49.0,49.0,49.0
28/11/2014,"49,00","49,00","49,00","49,00","201,60K","0,00%",49.0,49.0,49.0,49.0
01/12/2014,"49,00","49,00","49,00","49,00","358,97K","0,00%",49.0,49.0,49.0,49.0
02/12/2014,"48,00","48,00","48,00","48,00","652,04K","-2,04%",48.0,48.0,48.0,48.0
03/12/2014,"48,00","48,00","48,00","48,00","78,44K","0,00%",48.0,48.0,48.0,48.0
04/12/2014,"46,00","46,00","46,00","46,00","1,12M","-4,17%",46.0,46.0,46.0,46.0
05/12/2014,"45,00","45,00","45,00","45,00","466,94K","-2,17%",45.0,45.0,45.0,45.0
08/12/2014,"45,00","45,00","45,00","45,00","147,77K","0,00%",45.0,45.0,45.0,45.0
09/12/2014,"47,00","47,00","47,00","47,00","618,88K","4,44%",47.0,47.0,47.0,47.0
10/12/2014,"46,00","46,00","46,00","46,00","1,70M","-2,13%",46.0,46.0,46.0,46.0
11/12/2014,"46,00","46,00","46,00","46,00","1,50M","0,00%",46.0,46.0,46.0,46.0
12/12/2014,"47,00","47,00","47,00","47,00","379,18K","2,17%",47.0,47.0,47.0,47.0
15/12/2014,"47,00","47,00","47,00","47,00","69,96K","0,00%",47.0,47.0,47.0,47.0
16/12/2014,"47,00","47,00","47,00","47,00","47,74K","0,00%",47.0,47.0,47.0,47.0
17/12/2014,"47,00","47,00","47,00","47,00","444,37K","0,00%",47.0,47.0,47.0,47.0
18/12/2014,"46,00","46,00","46,00","46,00","214,63K","-2,13%",46.0,46.0,46.0,46.0
19/12/2014,"46,00","46,00","46,00","46,00","41,76K","0,00%",46.0,46.0,46.0,46.0
22/12/2014,"45,00","45,00","45,00","45,00","604,05K","-2,17%",45.0,45.0,45.0,45.0
23/12/2014,"45,00","45,00","45,00","45,00","344,76K","0,00%",45.0,45.0,45.0,45.0
24/12/2014,"45,00","45,00","45,00","45,00","1,04M","0,00%",45.0,45.0,45.0,45.0
26/12/2014,"45,00","45,00","45,00","45,00","117,43K","0,00%",45.0,45.0,45.0,45.0
29/12/2014,"44,00","44,00","44,00","44,00","196,56K","-2,22%",44.0,44.0,44.0,44.0
30/12/2014,"47,00","47,00","47,00","47,00","592,51K","6,82%",47.0,47.0,47.0,47.0
31/12/2014,"47,00","47,00","47,00","47,00","61,76K","0,00%",47.0,47.0,47.0,47.0
02/01/2015,"47,00","47,00","47,00","47,00","12,16K","0,00%",47.0,47.0,47.0,47.0
05/01/2015,"46,00","46,00","46,00","46,00","128,63K","-2,13%",46.0,46.0,46.0,46.0
06/01/2015,"46,00","46,00","46,00","46,00","14,88K","0,00%",46.0,46.0,46.0,46.0
07/01/2015,"45,00","45,00","45,00","45,00","51,32K","-2,17%",45.0,45.0,45.0,45.0
08/01/2015,"45,00","45,00","45,00","45,00","55,17K","0,00%",45.0,45.0,45.0,45.0
09/01/2015,"46,00","46,00","46,00","46,00","826,40K","2,22%",46.0,46.0,46.0,46.0
12/01/2015,"46,00","46,00","46,00","46,00","35,41K","0,00%",46.0,46.0,46.0,46.0
13/01/2015,"46,00","46,00","46,00","46,00","29,92K","0,00%",46.0,46.0,46.0,46.0
14/01/2015,"47,00","47,00","47,00","47,00","274,73K","2,17%",47.0,47.0,47.0,47.0
15/01/2015,"46,00","46,00","46,00","46,00","15,31K","-2,13%",46.0,46.0,46.0,46.0
16/01/2015,"45,00","45,00","45,00","45,00","62,30K","-2,17%",45.0,45.0,45.0,45.0
19/01/2015,"45,00","45,00","45,00","45,00","31,79K","0,00%",45.0,45.0,45.0,45.0
20/01/2015,"45,00","45,00","45,00","45,00","213,73K","0,00%",45.0,45.0,45.0,45.0
21/01/2015,"45,00","45,00","45,00","45,00","9,28K","0,00%",45.0,45.0,45.0,45.0
22/01/2015,"45,00","45,00","45,00","45,00","36,99K","0,00%",45.0,45.0,45.0,45.0
23/01/2015,"45,00","45,00","45,00","45,00","226,29K","0,00%",45.0,45.0,45.0,45.0
26/01/2015,"46,00","46,00","46,00","46,00","40,66K","2,22%",46.0,46.0,46.0,46.0
27/01/2015,"45,00","45,00","45,00","45,00","28,59K","-2,17%",45.0,45.0,45.0,45.0
28/01/2015,"46,00","46,00","46,00","46,00","37,44K","2,22%",46.0,46.0,46.0,46.0
29/01/2015,"46,00","46,00","46,00","46,00","20,64K","0,00%",46.0,46.0,46.0,46.0
30/01/2015,"46,00","46,00","46,00","46,00","4,59K","0,00%",46.0,46.0,46.0,46.0
02/02/2015,"46,00","46,00","46,00","46,00","155,78K","0,00%",46.0,46.0,46.0,46.0
03/02/2015,"45,00","45,00","45,00","45,00","445,74K","-2,17%",45.0,45.0,45.0,45.0
04/02/2015,"46,00","46,00","46,00","46,00","235,72K","2,22%",46.0,46.0,46.0,46.0
05/02/2015,"44,00","44,00","44,00","44,00","1,44M","-4,35%",44.0,44.0,44.0,44.0
06/02/2015,"44,00","44,00","44,00","44,00","296,94K","0,00%",44.0,44.0,44.0,44.0
10/02/2015,"44,00","44,00","44,00","44,00","71,36K","0,00%",44.0,44.0,44.0,44.0
11/02/2015,"45,00","45,00","45,00","45,00","18,51K","2,27%",45.0,45.0,45.0,45.0
12/02/2015,"44,00","44,00","44,00","44,00","27,25K","-2,22%",44.0,44.0,44.0,44.0
13/02/2015,"45,00","45,00","45,00","45,00","14,26K","2,27%",45.0,45.0,45.0,45.0
16/02/2015,"44,00","44,00","44,00","44,00","20,41K","-2,22%",44.0,44.0,44.0,44.0
17/02/2015,"44,00","44,00","44,00","44,00","8,53K","0,00%",44.0,44.0,44.0,44.0
18/02/2015,"43,00","43,00","43,00","43,00","213,24K","-2,27%",43.0,43.0,43.0,43.0
19/02/2015,"44,00","44,00","44,00","44,00","291,34K","2,33%",44.0,44.0,44.0,44.0
20/02/2015,"44,00","44,00","44,00","44,00","11,72K","0,00%",44.0,44.0,44.0,44.0
23/02/2015,"44,00","44,00","44,00","44,00","381,51K","0,00%",44.0,44.0,44.0,44.0
24/02/2015,"44,00","44,00","44,00","44,00","22,40K","0,00%",44.0,44.0,44.0,44.0
25/02/2015,"44,00","44,00","44,00","44,00","506,70K","0,00%",44.0,44.0,44.0,44.0
26/02/2015,"42,00","42,00","42,00","42,00","180,68K","-4,55%",42.0,42.0,42.0,42.0
27/02/2015,"44,00","44,00","44,00","44,00",,"4,76%",44.0,44.0,44.0,44.0
02/03/2015,"44,00","44,00","44,00","44,00","62,56K","0,00%",44.0,44.0,44.0,44.0
03/03/2015,"44,00","44,00","44,00","44,00","358,10K","0,00%",44.0,44.0,44.0,44.0
04/03/2015,"42,00","42,00","42,00","42,00","569,07K","-4,55%",42.0,42.0,42.0,42.0
05/03/2015,"42,00","42,00","42,00","42,00","31,28K","0,00%",42.0,42.0,42.0,42.0
06/03/2015,"43,00","43,00","43,00","43,00","20,31K","2,38%",43.0,43.0,43.0,43.0
09/03/2015,"42,00","42,00","42,00","42,00","30,45K","-2,33%",42.0,42.0,42.0,42.0
10/03/2015,"44,00","44,00","44,00","44,00","922,11K","4,76%",44.0,44.0,44.0,44.0
11/03/2015,"44,00","44,00","44,00","44,00","1,22M","0,00%",44.0,44.0,44.0,44.0
12/03/2015,"43,00","43,00","43,00","43,00","23,29K","-2,27%",43.0,43.0,43.0,43.0
13/03/2015,"43,00","43,00","43,00","43,00","517,86K","0,00%",43.0,43.0,43.0,43.0
16/03/2015,"43,00","43,00","43,00","43,00","76,58K","0,00%",43.0,43.0,43.0,43.0
17/03/2015,"42,00","42,00","42,00","42,00","284,17K","-2,33%",42.0,42.0,42.0,42.0
18/03/2015,"42,00","42,00","42,00","42,00","142,78K","0,00%",42.0,42.0,42.0,42.0
19/03/2015,"43,00","43,00","43,00","43,00","226,80K","2,38%",43.0,43.0,43.0,43.0
20/03/2015,"43,00","43,00","43,00","43,00","924,72K","0,00%",43.0,43.0,43.0,43.0
23/03/2015,"43,00","43,00","43,00","43,00","2,57M","0,00%",43.0,43.0,43.0,43.0
24/03/2015,"43,00","43,00","43,00","43,00","945,30K","0,00%",43.0,43.0,43.0,43.0
25/03/2015,"44,00","44,00","44,00","44,00",,"2,33%",44.0,44.0,44.0,44.0
26/03/2015,"44,00","44,00","44,00","44,00","22,88K","0,00%",44.0,44.0,44.0,44.0
27/03/2015,"44,00","44,00","44,00","44,00","52,29K","0,00%",44.0,44.0,44.0,44.0
30/03/2015,"44,00","44,00","44,00","44,00","306,47K","0,00%",44.0,44.0,44.0,44.0
31/03/2015,"45,00","45,00","45,00","45,00","36,57K","2,27%",45.0,45.0,45.0,45.0
01/04/2015,"46,00","46,00","46,00","46,00","54,60K","2,22%",46.0,46.0,46.0,46.0
02/04/2015,"47,00","47,00","47,00","47,00",,"2,17%",47.0,47.0,47.0,47.0
03/04/2015,"47,00","47,00","47,00","47,00","73,44K","0,00%",47.0,47.0,47.0,47.0
07/04/2015,"47,00","47,00","47,00","47,00","207,08K","0,00%",47.0,47.0,47.0,47.0
08/04/2015,"47,00","47,00","47,00","47,00","367,04K","0,00%",47.0,47.0,47.0,47.0
09/04/2015,"47,00","47,00","47,00","47,00","99,97K","0,00%",47.0,47.0,47.0,47.0
10/04/2015,"46,00","46,00","46,00","46,00","2,14M","-2,13%",46.0,46.0,46.0,46.0
13/04/2015,"47,00","47,00","47,00","47,00","208,17K","2,17%",47.0,47.0,47.0,47.0
14/04/2015,"47,00","47,00","47,00","47,00","15,15K","0,00%",47.0,47.0,47.0,47.0
15/04/2015,"47,00","47,00","47,00","47,00","3,17K","0,00%",47.0,47.0,47.0,47.0
16/04/2015,"50,00","50,00","50,00","50,00","361,14K","6,38%",50.0,50.0,50.0,50.0
17/04/2015,"50,00","50,00","50,00","50,00","558,46K","0,00%",50.0,50.0,50.0,50.0
20/04/2015,"50,00","50,00","50,00","50,00","107,39K","0,00%",50.0,50.0,50.0,50.0
21/04/2015,"51,00","51,00","51,00","51,00","937,24K","2,00%",51.0,51.0,51.0,51.0
22/04/2015,"53,00","53,00","53,00","53,00","465,09K","3,92%",53.0,53.0,53.0,53.0
23/04/2015,"53,00","53,00","53,00","53,00","443,33K","0,00%",53.0,53.0,53.0,53.0
24/04/2015,"53,00","53,00","53,00","53,00","673,63K","0,00%",53.0,53.0,53.0,53.0
27/04/2015,"52,00","52,00","52,00","52,00","180,29K","-1,89%",52.0,52.0,52.0,52.0
28/04/2015,"52,00","52,00","52,00","52,00","568,52K","0,00%",52.0,52.0,52.0,52.0
29/04/2015,"52,00","52,00","52,00","52,00","597,83K","0,00%",52.0,52.0,52.0,52.0
30/04/2015,"52,00","52,00","52,00","52,00","147,91K","0,00%",52.0,52.0,52.0,52.0
04/05/2015,"52,00","52,00","52,00","52,00","262,39K","0,00%",52.0,52.0,52.0,52.0
05/05/2015,"54,00","54,00","54,00","54,00","2,14M","3,85%",54.0,54.0,54.0,54.0
06/05/2015,"53,00","53,00","53,00","53,00","57,37K","-1,85%",53.0,53.0,53.0,53.0
07/05/2015,"52,00","52,00","52,00","52,00","54,16K","-1,89%",52.0,52.0,52.0,52.0
08/05/2015,"52,00","52,00","52,00","52,00","60,62K","0,00%",52.0,52.0,52.0,52.0
11/05/2015,"52,00","52,00","52,00","52,00","734,14K","0,00%",52.0,52.0,52.0,52.0
12/05/2015,"52,00","52,00","52,00","52,00","546,04K","0,00%",52.0,52.0,52.0,52.0
13/05/2015,"53,00","53,00","53,00","53,00","129,49K","1,92%",53.0,53.0,53.0,53.0
15/05/2015,"52,00","52,00","52,00","52,00","405,89K","-1,89%",52.0,52.0,52.0,52.0
18/05/2015,"53,00","53,00","53,00","53,00","51,24K","1,92%",53.0,53.0,53.0,53.0
19/05/2015,"52,00","52,00","52,00","52,00","372,58K","-1,89%",52.0,52.0,52.0,52.0
20/05/2015,"53,00","53,00","53,00","53,00","694,48K","1,92%",53.0,53.0,53.0,53.0
21/05/2015,"52,00","52,00","52,00","52,00","287,02K","-1,89%",52.0,52.0,52.0,52.0
22/05/2015,"53,00","53,00","53,00","53,00","68,52K","1,92%",53.0,53.0,53.0,53.0
26/05/2015,"52,00","52,00","52,00","52,00","1,13M","-1,89%",52.0,52.0,52.0,52.0
27/05/2015,"52,00","52,00","52,00","52,00","102,53K","0,00%",52.0,52.0,52.0,52.0
28/05/2015,"52,00","52,00","52,00","52,00","175,03K","0,00%",52.0,52.0,52.0,52.0
29/05/2015,"52,00","52,00","52,00","52,00","15,95K","0,00%",52.0,52.0,52.0,52.0
01/06/2015,"52,00","52,00","52,00","52,00","294,72K","0,00%",52.0,52.0,52.0,52.0
02/06/2015,"52,00","52,00","52,00","52,00","1,64M","0,00%",52.0,52.0,52.0,52.0
03/06/2015,"52,00","52,00","52,00","52,00","27,84K","0,00%",52.0,52.0,52.0,52.0
04/06/2015,"52,00","52,00","52,00","52,00","166,65K","0,00%",52.0,52.0,52.0,52.0
05/06/2015,"52,00","52,00","52,00","52,00","1,20M","0,00%",52.0,52.0,52.0,52.0
08/06/2015,"50,00","50,00","50,00","50,00","328,03K","-3,85%",50.0,50.0,50.0,50.0
09/06/2015,"52,00","52,00","52,00","52,00","832,23K","4,00%",52.0,52.0,52.0,52.0
10/06/2015,"50,00","50,00","50,00","50,00","37,81K","-3,85%",50.0,50.0,50.0,50.0
11/06/2015,"51,00","51,00","51,00","51,00","16,23K","2,00%",51.0,51.0,51.0,51.0
12/06/2015,"51,00","51,00","51,00","51,00","310,21K","0,00%",51.0,51.0,51.0,51.0
15/06/2015,"50,00","50,00","50,00","50,00","206,92K","-1,96%",50.0,50.0,50.0,50.0
16/06/2015,"50,00","50,00","50,00","50,00","181,74K","0,00%",50.0,50.0,50.0,50.0
17/06/2015,"52,00","52,00","52,00","52,00","3,82M","4,00%",52.0,52.0,52.0,52.0
18/06/2015,"51,00","51,00","51,00","51,00","3,50M","-1,92%",51.0,51.0,51.0,51.0
19/06/2015,"51,00","51,00","51,00","51,00","725,71K","0,00%",51.0,51.0,51.0,51.0
22/06/2015,"51,00","51,00","51,00","51,00","19,83K","0,00%",51.0,51.0,51.0,51.0
23/06/2015,"51,00","51,00","51,00","51,00","865,05K","0,00%",51.0,51.0,51.0,51.0
24/06/2015,"51,00","51,00","51,00","51,00","2,26M","0,00%",51.0,51.0,51.0,51.0
25/06/2015,"51,00","51,00","51,00","51,00","19,66K","0,00%",51.0,51.0,51.0,51.0
26/06/2015,"50,00","50,00","50,00","50,00","58,08K","-1,96%",50.0,50.0,50.0,50.0
29/06/2015,"51,00","51,00","51,00","51,00","279,83K","2,00%",51.0,51.0,51.0,51.0
30/06/2015,"52,00","52,00","52,00","52,00",,"1,96%",52.0,52.0,52.0,52.0
01/07/2015,"51,00","51,00","51,00","51,00","599,81K","-1,92%",51.0,51.0,51.0,51.0
02/07/2015,"51,00","51,00","51,00","51,00","588,08K","0,00%",51.0,51.0,51.0,51.0
03/07/2015,"51,00","51,00","51,00","51,00","137,94K","0,00%",51.0,51.0,51.0,51.0
06/07/2015,"50,00","50,00","50,00","50,00","1,10M","-1,96%",50.0,50.0,50.0,50.0
07/07/2015,"51,00","51,00","51,00","51,00","2,76M","2,00%",51.0,51.0,51.0,51.0
08/07/2015,"52,00","52,00","52,00","52,00","41,08K","1,96%",52.0,52.0,52.0,52.0
09/07/2015,"55,00","55,00","55,00","55,00","2,59M","5,77%",55.0,55.0,55.0,55.0
10/07/2015,"56,00","56,00","56,00","56,00","6,74M","1,82%",56.0,56.0,56.0,56.0
13/07/2015,"57,00","57,00","57,00","57,00","184,96K","1,79%",57.0,57.0,57.0,57.0
15/07/2015,"60,00","60,00","60,00","60,00","2,19M","5,26%",60.0,60.0,60.0,60.0
16/07/2015,"61,00","61,00","61,00","61,00","528,99K","1,67%",61.0,61.0,61.0,61.0
20/07/2015,"64,00","64,00","64,00","64,00","2,13M","4,92%",64.0,64.0,64.0,64.0
21/07/2015,"65,00","65,00","65,00","65,00","97,84K","1,56%",65.0,65.0,65.0,65.0
22/07/2015,"64,00","64,00","64,00","64,00","736,34K","-1,54%",64.0,64.0,64.0,64.0
23/07/2015,"63,00","63,00","63,00","63,00","171,38K","-1,56%",63.0,63.0,63.0,63.0
24/07/2015,"62,00","62,00","62,00","62,00","147,70K","-1,59%",62.0,62.0,62.0,62.0
27/07/2015,"58,00","58,00","58,00","58,00","205,57K","-6,45%",58.0,58.0,58.0,58.0
28/07/2015,"56,00","56,00","56,00","56,00","154,54K","-3,45%",56.0,56.0,56.0,56.0
29/07/2015,"55,00","55,00","55,00","55,00","147,19K","-1,79%",55.0,55.0,55.0,55.0
30/07/2015,"55,00","55,00","55,00","55,00","600,54K","0,00%",55.0,55.0,55.0,55.0
31/07/2015,"55,00","55,00","55,00","55,00","297,03K","0,00%",55.0,55.0,55.0,55.0
03/08/2015,"56,00","56,00","56,00","56,00","386,51K","1,82%",56.0,56.0,56.0,56.0
04/08/2015,"56,00","56,00","56,00","56,00","62,66K","0,00%",56.0,56.0,56.0,56.0
05/08/2015,"60,00","60,00","60,00","60,00","1,03M","7,14%",60.0,60.0,60.0,60.0
06/08/2015,"56,00","56,00","56,00","56,00","6,18K","-6,67%",56.0,56.0,56.0,56.0
10/08/2015,"58,00","58,00","58,00","58,00","122,40K","3,57%",58.0,58.0,58.0,58.0
11/08/2015,"58,00","58,00","58,00","58,00","187,66K","0,00%",58.0,58.0,58.0,58.0
12/08/2015,"58,00","58,00","58,00","58,00","538,25K","0,00%",58.0,58.0,58.0,58.0
13/08/2015,"59,00","59,00","59,00","59,00","114,91K","1,72%",59.0,59.0,59.0,59.0
14/08/2015,"60,00","60,00","60,00","60,00","111,81K","1,69%",60.0,60.0,60.0,60.0
17/08/2015,"59,00","59,00","59,00","59,00","319,14K","-1,67%",59.0,59.0,59.0,59.0
18/08/2015,"58,00","58,00","58,00","58,00","480,40K","-1,69%",58.0,58.0,58.0,58.0
19/08/2015,"59,00","59,00","59,00","59,00","152,87K","1,72%",59.0,59.0,59.0,59.0
20/08/2015,"58,00","58,00","58,00","58,00","394,70K","-1,69%",58.0,58.0,58.0,58.0
21/08/2015,"58,00","58,00","58,00","58,00","614,73K","0,00%",58.0,58.0,58.0,58.0
24/08/2015,"56,00","56,00","56,00","56,00","226,72K","-3,45%",56.0,56.0,56.0,56.0
25/08/2015,"58,00","58,00","58,00","58,00","41,38K","3,57%",58.0,58.0,58.0,58.0
26/08/2015,"56,00","56,00","56,00","56,00","15,10K","-3,45%",56.0,56.0,56.0,56.0
27/08/2015,"56,00","56,00","56,00","56,00","198,00K","0,00%",56.0,56.0,56.0,56.0
28/08/2015,"58,00","58,00","58,00","58,00","11,12K","3,57%",58.0,58.0,58.0,58.0
31/08/2015,"58,00","58,00","58,00","58,00","10,59K","0,00%",58.0,58.0,58.0,58.0
01/09/2015,"57,00","57,00","57,00","57,00","27,18K","-1,72%",57.0,57.0,57.0,57.0
02/09/2015,"57,00","57,00","57,00","57,00","20,67K","0,00%",57.0,57.0,57.0,57.0
03/09/2015,"56,00","56,00","56,00","56,00","91,88K","-1,75%",56.0,56.0,56.0,56.0
04/09/2015,"56,00","56,00","56,00","56,00","38,28K","0,00%",56.0,56.0,56.0,56.0
07/09/2015,"57,00","57,00","57,00","57,00","36,59K","1,79%",57.0,57.0,57.0,57.0
08/09/2015,"56,00","56,00","56,00","56,00","178,38K","-1,75%",56.0,56.0,56.0,56.0
09/09/2015,"56,00","56,00","56,00","56,00","65,10K","0,00%",56.0,56.0,56.0,56.0
10/09/2015,"55,00","55,00","55,00","55,00","18,64K","-1,79%",55.0,55.0,55.0,55.0
11/09/2015,"54,00","54,00","54,00","54,00","124,21K","-1,82%",54.0,54.0,54.0,54.0
14/09/2015,"55,00","55,00","55,00","55,00","28,61K","1,85%",55.0,55.0,55.0,55.0
15/09/2015,"54,00","54,00","54,00","54,00","988,15K","-1,82%",54.0,54.0,54.0,54.0
16/09/2015,"55,00","55,00","55,00","55,00","92,85K","1,85%",55.0,55.0,55.0,55.0
17/09/2015,"54,00","54,00","54,00","54,00","56,13K","-1,82%",54.0,54.0,54.0,54.0
18/09/2015,"55,00","55,00","55,00","55,00","175,99K","1,85%",55.0,55.0,55.0,55.0
21/09/2015,"54,00","54,00","54,00","54,00","32,28K","-1,82%",54.0,54.0,54.0,54.0
22/09/2015,"55,00","55,00","55,00","55,00","191,59K","1,85%",55.0,55.0,55.0,55.0
23/09/2015,"55,00","55,00","55,00","55,00","45,84K","0,00%",55.0,55.0,55.0,55.0
25/09/2015,"55,00","55,00","55,00","55,00","55,93K","0,00%",55.0,55.0,55.0,55.0
28/09/2015,"54,00","54,00","54,00","54,00","110,25K","-1,82%",54.0,54.0,54.0,54.0
29/09/2015,"54,00","54,00","54,00","54,00","518,51K","0,00%",54.0,54.0,54.0,54.0
30/09/2015,"54,00","54,00","54,00","54,00","111,34K","0,00%",54.0,54.0,54.0,54.0
01/10/2015,"54,00","54,00","54,00","54,00","644,05K","0,00%",54.0,54.0,54.0,54.0
02/10/2015,"54,00","54,00","54,00","54,00","910,19K","0,00%",54.0,54.0,54.0,54.0
05/10/2015,"54,00","54,00","54,00","54,00","731,94K","0,00%",54.0,54.0,54.0,54.0
06/10/2015,"54,00","54,00","54,00","54,00","250,21K","0,00%",54.0,54.0,54.0,54.0
07/10/2015,"54,00","54,00","54,00","54,00","2,95K","0,00%",54.0,54.0,54.0,54.0
08/10/2015,"54,00","54,00","54,00","54,00","3,98K","0,00%",54.0,54.0,54.0,54.0
09/10/2015,"54,00","54,00","54,00","54,00","6,93K","0,00%",54.0,54.0,54.0,54.0
12/10/2015,"54,00","54,00","54,00","54,00","179,37K","0,00%",54.0,54.0,54.0,54.0
13/10/2015,"55,00","55,00","55,00","55,00","45,34K","1,85%",55.0,55.0,55.0,55.0
14/10/2015,"55,00","55,00","55,00","55,00","12,60K","0,00%",55.0,55.0,55.0,55.0
15/10/2015,"55,00","55,00","55,00","55,00","2,23K","0,00%",55.0,55.0,55.0,55.0
16/10/2015,"54,00","54,00","54,00","54,00","69,08K","-1,82%",54.0,54.0,54.0,54.0
19/10/2015,"54,00","54,00","54,00","54,00","522,95K","0,00%",54.0,54.0,54.0,54.0
20/10/2015,"54,00","54,00","54,00","54,00","93,28K","0,00%",54.0,54.0,54.0,54.0
21/10/2015,"54,00","54,00","54,00","54,00","65,35K","0,00%",54.0,54.0,54.0,54.0
22/10/2015,"55,00","55,00","55,00","55,00","5,01K","1,85%",55.0,55.0,55.0,55.0
23/10/2015,"54,00","54,00","54,00","54,00","102,91K","-1,82%",54.0,54.0,54.0,54.0
26/10/2015,"55,00","55,00","55,00","55,00","49,79K","1,85%",55.0,55.0,55.0,55.0
27/10/2015,"54,00","54,00","54,00","54,00","36,10K","-1,82%",54.0,54.0,54.0,54.0
28/10/2015,"52,00","52,00","52,00","52,00","58,86K","-3,70%",52.0,52.0,52.0,52.0
29/10/2015,"52,00","52,00","52,00","52,00","45,77K","0,00%",52.0,52.0,52.0,52.0
30/10/2015,"52,00","52,00","52,00","52,00","1,10M","0,00%",52.0,52.0,52.0,52.0
02/11/2015,"53,00","53,00","53,00","53,00","31,00K","1,92%",53.0,53.0,53.0,53.0
03/11/2015,"52,00","52,00","52,00","52,00","14,93K","-1,89%",52.0,52.0,52.0,52.0
04/11/2015,"52,00","52,00","52,00","52,00","269,33K","0,00%",52.0,52.0,52.0,52.0
05/11/2015,"52,00","52,00","52,00","52,00","68,16K","0,00%",52.0,52.0,52.0,52.0
06/11/2015,"51,00","51,00","51,00","51,00","29,03K","-1,92%",51.0,51.0,51.0,51.0
09/11/2015,"52,00","52,00","52,00","52,00","126,06K","1,96%",52.0,52.0,52.0,52.0
10/11/2015,"51,00","51,00","51,00","51,00","22,83K","-1,92%",51.0,51.0,51.0,51.0
11/11/2015,"52,00","52,00","52,00","52,00","59,23K","1,96%",52.0,52.0,52.0,52.0
12/11/2015,"51,00","51,00","51,00","51,00","43,26K","-1,92%",51.0,51.0,51.0,51.0
13/11/2015,"51,00","51,00","51,00","51,00","413,52K","0,00%",51.0,51.0,51.0,51.0
16/11/2015,"51,00","51,00","51,00","51,00","178,34K","0,00%",51.0,51.0,51.0,51.0
17/11/2015,"51,00","51,00","51,00","51,00","397,63K","0,00%",51.0,51.0,51.0,51.0
18/11/2015,"51,00","51,00","51,00","51,00","436,20K","0,00%",51.0,51.0,51.0,51.0
19/11/2015,"50,00","50,00","50,00","50,00","45,78K","-1,96%",50.0,50.0,50.0,50.0
20/11/2015,"50,00","50,00","50,00","50,00","1,30M","0,00%",50.0,50.0,50.0,50.0
23/11/2015,"49,00","49,00","49,00","49,00","264,59K","-2,00%",49.0,49.0,49.0,49.0
24/11/2015,"50,00","50,00","50,00","50,00","9,46K","2,04%",50.0,50.0,50.0,50.0
25/11/2015,"50,00","50,00","50,00","50,00","70,84K","0,00%",50.0,50.0,50.0,50.0
26/11/2015,"50,00","50,00","50,00","50,00","777,74K","0,00%",50.0,50.0,50.0,50.0
27/11/2015,"49,00","49,00","49,00","49,00","13,65K","-2,00%",49.0,49.0,49.0,49.0
30/11/2015,"50,00","50,00","50,00","50,00","5,10K","2,04%",50.0,50.0,50.0,50.0
01/12/2015,"49,00","49,00","49,00","49,00","36,67K","-2,00%",49.0,49.0,49.0,49.0
02/12/2015,"49,00","49,00","49,00","49,00","18,62K","0,00%",49.0,49.0,49.0,49.0
03/12/2015,"49,00","49,00","49,00","49,00","774,99K","0,00%",49.0,49.0,49.0,49.0
04/12/2015,"49,00","49,00","49,00","49,00","24,71K","0,00%",49.0,49.0,49.0,49.0
07/12/2015,"49,00","49,00","49,00","49,00","15,46K","0,00%",49.0,49.0,49.0,49.0
08/12/2015,"49,00","49,00","49,00","49,00","6,26K","0,00%",49.0,49.0,49.0,49.0
09/12/2015,"48,00","48,00","48,00","48,00","9,61K","-2,04%",48.0,48.0,48.0,48.0
10/12/2015,"47,00","47,00","47,00","47,00","250,47K","-2,08%",47.0,47.0,47.0,47.0
11/12/2015,"47,00","47,00","47,00","47,00","34,15K","0,00%",47.0,47.0,47.0,47.0
14/12/2015,"47,00","47,00","47,00","47,00","1,27M","0,00%",47.0,47.0,47.0,47.0
15/12/2015,"47,00","47,00","47,00","47,00","45,23K","0,00%",47.0,47.0,47.0,47.0
16/12/2015,"47,00","47,00","47,00","47,00","82,71K","0,00%",47.0,47.0,47.0,47.0
17/12/2015,"47,00","47,00","47,00","47,00","53,01K","0,00%",47.0,47.0,47.0,47.0
18/12/2015,"46,00","46,00","46,00","46,00","711,70K","-2,13%",46.0,46.0,46.0,46.0
21/12/2015,"46,00","46,00","46,00","46,00","421,57K","0,00%",46.0,46.0,46.0,46.0
22/12/2015,"47,00","47,00","47,00","47,00","808,15K","2,17%",47.0,47.0,47.0,47.0
23/12/2015,"46,00","46,00","46,00","46,00","1,15M","-2,13%",46.0,46.0,46.0,46.0
28/12/2015,"47,00","47,00","47,00","47,00","23,83K","2,17%",47.0,47.0,47.0,47.0
29/12/2015,"47,00","47,00","47,00","47,00","33,17K","0,00%",47.0,47.0,47.0,47.0
30/12/2015,"47,00","47,00","47,00","47,00","13,07K","0,00%",47.0,47.0,47.0,47.0
04/01/2016,"47,00","47,00","47,00","47,00","109,30K","0,00%",47.0,47.0,47.0,47.0
05/01/2016,"47,00","47,00","47,00","47,00","32,76K","0,00%",47.0,47.0,47.0,47.0
06/01/2016,"47,00","47,00","47,00","47,00","15,51K","0,00%",47.0,47.0,47.0,47.0
07/01/2016,"47,00","47,00","47,00","47,00","124,73K","0,00%",47.0,47.0,47.0,47.0
08/01/2016,"47,00","47,00","47,00","47,00","28,32K","0,00%",47.0,47.0,47.0,47.0
11/01/2016,"47,00","47,00","47,00","47,00","451,57K","0,00%",47.0,47.0,47.0,47.0
12/01/2016,"49,00","49,00","49,00","49,00","122,03K","4,26%",49.0,49.0,49.0,49.0
13/01/2016,"48,00","48,00","48,00","48,00","6,68K","-2,04%",48.0,48.0,48.0,48.0
14/01/2016,"50,00","50,00","50,00","50,00","17,31K","4,17%",50.0,50.0,50.0,50.0
15/01/2016,"49,00","49,00","49,00","49,00","142,89K","-2,00%",49.0,49.0,49.0,49.0
18/01/2016,"49,00","49,00","49,00","49,00","31,02K","0,00%",49.0,49.0,49.0,49.0
20/01/2016,"49,00","49,00","49,00","49,00","466,07K","0,00%",49.0,49.0,49.0,49.0
21/01/2016,"48,00","48,00","48,00","48,00","158,96K","-2,04%",48.0,48.0,48.0,48.0
22/01/2016,"49,00","49,00","49,00","49,00","60,92K","2,08%",49.0,49.0,49.0,49.0
25/01/2016,"46,00","46,00","46,00","46,00","934,03K","-6,12%",46.0,46.0,46.0,46.0
26/01/2016,"47,00","47,00","47,00","47,00","61,18K","2,17%",47.0,47.0,47.0,47.0
27/01/2016,"46,00","46,00","46,00","46,00","924,67K","-2,13%",46.0,46.0,46.0,46.0
28/01/2016,"46,00","46,00","46,00","46,00","161,63K","0,00%",46.0,46.0,46.0,46.0
29/01/2016,"46,00","46,00","46,00","46,00","355,06K","0,00%",46.0,46.0,46.0,46.0
30/01/2016,"24,00","24,00","24,00","24,00",,"-47,83%",24.0,24.0,24.0,24.0
01/02/2016,"46,00","46,00","46,00","46,00","199,07K","91,67%",46.0,46.0,46.0,46.0
02/02/2016,"46,00","46,00","46,00","46,00","247,90K","0,00%",46.0,46.0,46.0,46.0
04/02/2016,"46,00","46,00","46,00","46,00","424,93K","0,00%",46.0,46.0,46.0,46.0
05/02/2016,"45,00","45,00","45,00","45,00","118,38K","-2,17%",45.0,45.0,45.0,45.0
08/02/2016,"44,00","44,00","44,00","44,00","342,24K","-2,22%",44.0,44.0,44.0,44.0
09/02/2016,"44,00","44,00","44,00","44,00","2,17M","0,00%",44.0,44.0,44.0,44.0
10/02/2016,"44,00","44,00","44,00","44,00","59,61K","0,00%",44.0,44.0,44.0,44.0
11/02/2016,"44,00","44,00","44,00","44,00","239,09K","0,00%",44.0,44.0,44.0,44.0
12/02/2016,"44,00","44,00","44,00","44,00","27,67K","0,00%",44.0,44.0,44.0,44.0
15/02/2016,"42,00","42,00","42,00","42,00","164,69K","-4,55%",42.0,42.0,42.0,42.0
16/02/2016,"41,00","41,00","41,00","41,00","163,17K","-2,38%",41.0,41.0,41.0,41.0
17/02/2016,"40,00","40,00","40,00","40,00","175,24K","-2,44%",40.0,40.0,40.0,40.0
18/02/2016,"40,00","40,00","40,00","40,00","2,52M","0,00%",40.0,40.0,40.0,40.0
19/02/2016,"40,00","40,00","40,00","40,00","873,47K","0,00%",40.0,40.0,40.0,40.0
22/02/2016,"41,00","41,00","41,00","41,00","346,94K","2,50%",41.0,41.0,41.0,41.0
23/02/2016,"41,00","41,00","41,00","41,00","12,55M","0,00%",41.0,41.0,41.0,41.0
24/02/2016,"43,00","43,00","43,00","43,00","83,20K","4,88%",43.0,43.0,43.0,43.0
25/02/2016,"42,00","42,00","42,00","42,00","12,36M","-2,33%",42.0,42.0,42.0,42.0
26/02/2016,"42,00","42,00","42,00","42,00","3,06M","0,00%",42.0,42.0,42.0,42.0
29/02/2016,"42,00","42,00","42,00","42,00","73,00K","0,00%",42.0,42.0,42.0,42.0
01/03/2016,"42,00","42,00","42,00","42,00","127,75K","0,00%",42.0,42.0,42.0,42.0
02/03/2016,"41,00","41,00","41,00","41,00","305,90K","-2,38%",41.0,41.0,41.0,41.0
03/03/2016,"41,00","41,00","41,00","41,00","157,96K","0,00%",41.0,41.0,41.0,41.0
04/03/2016,"41,00","41,00","41,00","41,00","506,26K","0,00%",41.0,41.0,41.0,41.0
07/03/2016,"42,00","42,00","42,00","42,00","67,85K","2,44%",42.0,42.0,42.0,42.0
08/03/2016,"41,00","41,00","41,00","41,00","90,23K","-2,38%",41.0,41.0,41.0,41.0
09/03/2016,"44,00","44,00","44,00","44,00","49,21K","7,32%",44.0,44.0,44.0,44.0
10/03/2016,"41,00","41,00","41,00","41,00","395,20K","-6,82%",41.0,41.0,41.0,41.0
11/03/2016,"41,00","41,00","41,00","41,00","472,00K","0,00%",41.0,41.0,41.0,41.0
14/03/2016,"42,00","42,00","42,00","42,00","352,92K","2,44%",42.0,42.0,42.0,42.0
15/03/2016,"41,00","41,00","41,00","41,00","745,49K","-2,38%",41.0,41.0,41.0,41.0
16/03/2016,"38,00","38,00","38,00","38,00","179,75K","-7,32%",38.0,38.0,38.0,38.0
17/03/2016,"36,00","36,00","36,00","36,00","42,72K","-5,26%",36.0,36.0,36.0,36.0
18/03/2016,"34,00","34,00","34,00","34,00","104,33K","-5,56%",34.0,34.0,34.0,34.0
21/03/2016,"34,00","34,00","34,00","34,00","94,76K","0,00%",34.0,34.0,34.0,34.0
22/03/2016,"32,00","32,00","32,00","32,00","354,29K","-5,88%",32.0,32.0,32.0,32.0
23/03/2016,"33,00","33,00","33,00","33,00","118,75K","3,13%",33.0,33.0,33.0,33.0
24/03/2016,"32,00","32,00","32,00","32,00","433,67K","-3,03%",32.0,32.0,32.0,32.0
25/03/2016,"33,00","33,00","33,00","33,00","285,32K","3,13%",33.0,33.0,33.0,33.0
29/03/2016,"35,00","35,00","35,00","35,00","101,23K","6,06%",35.0,35.0,35.0,35.0
30/03/2016,"37,00","37,00","37,00","37,00","37,80K","5,71%",37.0,37.0,37.0,37.0
31/03/2016,"38,00","38,00","38,00","38,00","1,54M","2,70%",38.0,38.0,38.0,38.0
01/04/2016,"39,00","39,00","39,00","39,00","341,89K","2,63%",39.0,39.0,39.0,39.0
04/04/2016,"39,00","39,00","39,00","39,00","115,07K","0,00%",39.0,39.0,39.0,39.0
05/04/2016,"38,00","38,00","38,00","38,00","162,19K","-2,56%",38.0,38.0,38.0,38.0
06/04/2016,"38,00","38,00","38,00","38,00","424,76K","0,00%",38.0,38.0,38.0,38.0
07/04/2016,"38,00","38,00","38,00","38,00","114,96K","0,00%",38.0,38.0,38.0,38.0
08/04/2016,"38,00","38,00","38,00","38,00","71,02K","0,00%",38.0,38.0,38.0,38.0
11/04/2016,"37,00","37,00","37,00","37,00","219,64K","-2,63%",37.0,37.0,37.0,37.0
12/04/2016,"37,00","37,00","37,00","37,00","2,95M","0,00%",37.0,37.0,37.0,37.0
13/04/2016,"38,00","38,00","38,00","38,00","57,78K","2,70%",38.0,38.0,38.0,38.0
14/04/2016,"36,00","36,00","36,00","36,00","409,03K","-5,26%",36.0,36.0,36.0,36.0
15/04/2016,"36,00","36,00","36,00","36,00","1,04M","0,00%",36.0,36.0,36.0,36.0
18/04/2016,"36,00","36,00","36,00","36,00","1,27M","0,00%",36.0,36.0,36.0,36.0
19/04/2016,"36,00","36,00","36,00","36,00","228,76K","0,00%",36.0,36.0,36.0,36.0
20/04/2016,"36,00","36,00","36,00","36,00","83,18K","0,00%",36.0,36.0,36.0,36.0
21/04/2016,"37,00","37,00","37,00","37,00","22,06K","2,78%",37.0,37.0,37.0,37.0
22/04/2016,"37,00","37,00","37,00","37,00","43,70K","0,00%",37.0,37.0,37.0,37.0
25/04/2016,"37,00","37,00","37,00","37,00","751,90K","0,00%",37.0,37.0,37.0,37.0
26/04/2016,"38,00","38,00","38,00","38,00","12,06M","2,70%",38.0,38.0,38.0,38.0
27/04/2016,"36,00","36,00","36,00","36,00","105,41K","-5,26%",36.0,36.0,36.0,36.0
28/04/2016,"37,00","37,00","37,00","37,00","68,84K","2,78%",37.0,37.0,37.0,37.0
29/04/2016,"37,00","37,00","37,00","37,00","382,50K","0,00%",37.0,37.0,37.0,37.0
03/05/2016,"37,00","37,00","37,00","37,00","55,48K","0,00%",37.0,37.0,37.0,37.0
04/05/2016,"36,00","36,00","36,00","36,00","488,94K","-2,70%",36.0,36.0,36.0,36.0
06/05/2016,"37,00","37,00","37,00","37,00","161,47K","2,78%",37.0,37.0,37.0,37.0
09/05/2016,"37,00","37,00","37,00","37,00","22,33K","0,00%",37.0,37.0,37.0,37.0
10/05/2016,"38,00","38,00","38,00","38,00","18,73K","2,70%",38.0,38.0,38.0,38.0
11/05/2016,"37,00","37,00","37,00","37,00","573,37K","-2,63%",37.0,37.0,37.0,37.0
12/05/2016,"36,00","36,00","36,00","36,00","2,25M","-2,70%",36.0,36.0,36.0,36.0
13/05/2016,"37,00","37,00","37,00","37,00","8,66M","2,78%",37.0,37.0,37.0,37.0
17/05/2016,"37,00","37,00","37,00","37,00","23,80K","0,00%",37.0,37.0,37.0,37.0
18/05/2016,"39,00","39,00","39,00","39,00","89,19K","5,41%",39.0,39.0,39.0,39.0
19/05/2016,"39,00","39,00","39,00","39,00","15,70K","0,00%",39.0,39.0,39.0,39.0
20/05/2016,"39,00","39,00","39,00","39,00","68,50K","0,00%",39.0,39.0,39.0,39.0
23/05/2016,"37,00","37,00","37,00","37,00","33,60K","-5,13%",37.0,37.0,37.0,37.0
24/05/2016,"37,00","37,00","37,00","37,00","366,09K","0,00%",37.0,37.0,37.0,37.0
25/05/2016,"38,00","38,00","38,00","38,00","8,78M","2,70%",38.0,38.0,38.0,38.0
26/05/2016,"38,00","38,00","38,00","38,00","49,23K","0,00%",38.0,38.0,38.0,38.0
27/05/2016,"38,00","38,00","38,00","38,00","8,14K","0,00%",38.0,38.0,38.0,38.0
30/05/2016,"39,00","39,00","39,00","39,00","34,37K","2,63%",39.0,39.0,39.0,39.0
31/05/2016,"37,00","37,00","37,00","37,00","18,66M","-5,13%",37.0,37.0,37.0,37.0
01/06/2016,"38,00","38,00","38,00","38,00","36,52K","2,70%",38.0,38.0,38.0,38.0
02/06/2016,"37,00","37,00","37,00","37,00","126,79K","-2,63%",37.0,37.0,37.0,37.0
03/06/2016,"37,00","37,00","37,00","37,00","2,65M","0,00%",37.0,37.0,37.0,37.0
06/06/2016,"37,00","37,00","37,00","37,00","35,21K","0,00%",37.0,37.0,37.0,37.0
07/06/2016,"37,00","37,00","37,00","37,00","53,87K","0,00%",37.0,37.0,37.0,37.0
08/06/2016,"37,00","37,00","37,00","37,00","1,40M","0,00%",37.0,37.0,37.0,37.0
09/06/2016,"37,00","37,00","37,00","37,00","844,17K","0,00%",37.0,37.0,37.0,37.0
10/06/2016,"37,00","37,00","37,00","37,00","99,09K","0,00%",37.0,37.0,37.0,37.0
13/06/2016,"36,00","36,00","36,00","36,00","50,59K","-2,70%",36.0,36.0,36.0,36.0
14/06/2016,"36,00","36,00","36,00","36,00","1,10M","0,00%",36.0,36.0,36.0,36.0
15/06/2016,"35,00","35,00","35,00","35,00","1,97M","-2,78%",35.0,35.0,35.0,35.0
16/06/2016,"35,00","35,00","35,00","35,00","220,07K","0,00%",35.0,35.0,35.0,35.0
17/06/2016,"33,00","33,00","33,00","33,00","383,03K","-5,71%",33.0,33.0,33.0,33.0
20/06/2016,"35,00","35,00","35,00","35,00","684,31K","6,06%",35.0,35.0,35.0,35.0
21/06/2016,"35,00","35,00","35,00","35,00","337,43K","0,00%",35.0,35.0,35.0,35.0
22/06/2016,"33,00","33,00","33,00","33,00","4,94M","-5,71%",33.0,33.0,33.0,33.0
23/06/2016,"33,00","33,00","33,00","33,00","814,92K","0,00%",33.0,33.0,33.0,33.0
24/06/2016,"33,00","33,00","33,00","33,00","378,01K","0,00%",33.0,33.0,33.0,33.0
27/06/2016,"33,00","33,00","33,00","33,00","200,65K","0,00%",33.0,33.0,33.0,33.0
28/06/2016,"33,00","33,00","33,00","33,00","144,92K","0,00%",33.0,33.0,33.0,33.0
29/06/2016,"32,00","32,00","32,00","32,00","259,40K","-3,03%",32.0,32.0,32.0,32.0
30/06/2016,"32,00","32,00","32,00","32,00","103,99K","0,00%",32.0,32.0,32.0,32.0
01/07/2016,"30,00","30,00","30,00","30,00","513,66K","-6,25%",30.0,30.0,30.0,30.0
04/07/2016,"30,00","30,00","30,00","30,00","243,91K","0,00%",30.0,30.0,30.0,30.0
05/07/2016,"30,00","30,00","30,00","30,00","171,37K","0,00%",30.0,30.0,30.0,30.0
07/07/2016,"31,00","31,00","31,00","31,00","663,38K","3,33%",31.0,31.0,31.0,31.0
08/07/2016,"32,00","32,00","32,00","32,00","107,90K","3,23%",32.0,32.0,32.0,32.0
11/07/2016,"32,00","32,00","32,00","32,00","405,52K","0,00%",32.0,32.0,32.0,32.0
12/07/2016,"33,00","33,00","33,00","33,00","342,51K","3,13%",33.0,33.0,33.0,33.0
13/07/2016,"33,00","33,00","33,00","33,00","351,01K","0,00%",33.0,33.0,33.0,33.0
14/07/2016,"33,00","33,00","33,00","33,00","165,77K","0,00%",33.0,33.0,33.0,33.0
15/07/2016,"33,00","33,00","33,00","33,00","18,21K","0,00%",33.0,33.0,33.0,33.0
18/07/2016,"32,00","32,00","32,00","32,00","27,32K","-3,03%",32.0,32.0,32.0,32.0
19/07/2016,"32,00","32,00","32,00","32,00","91,80K","0,00%",32.0,32.0,32.0,32.0
20/07/2016,"31,00","31,00","31,00","31,00","666,28K","-3,13%",31.0,31.0,31.0,31.0
21/07/2016,"30,00","30,00","30,00","30,00","100,87K","-3,23%",30.0,30.0,30.0,30.0
22/07/2016,"30,00","30,00","30,00","30,00","89,31K","0,00%",30.0,30.0,30.0,30.0
25/07/2016,"30,00","30,00","30,00","30,00","60,00K","0,00%",30.0,30.0,30.0,30.0
26/07/2016,"29,00","29,00","29,00","29,00","386,61K","-3,33%",29.0,29.0,29.0,29.0
27/07/2016,"28,00","28,00","28,00","28,00","380,69K","-3,45%",28.0,28.0,28.0,28.0
28/07/2016,"28,00","28,00","28,00","28,00","61,81K","0,00%",28.0,28.0,28.0,28.0
29/07/2016,"28,00","28,00","28,00","28,00","0,39K","0,00%",28.0,28.0,28.0,28.0
01/08/2016,"28,00","28,00","28,00","28,00","48,31K","0,00%",28.0,28.0,28.0,28.0
02/08/2016,"28,00","28,00","28,00","28,00","593,57K","0,00%",28.0,28.0,28.0,28.0
03/08/2016,"28,00","28,00","28,00","28,00","287,72K","0,00%",28.0,28.0,28.0,28.0
04/08/2016,"28,00","28,00","28,00","28,00","107,05K","0,00%",28.0,28.0,28.0,28.0
05/08/2016,"27,00","27,00","27,00","27,00","140,31K","-3,57%",27.0,27.0,27.0,27.0
09/08/2016,"26,00","26,00","26,00","26,00","303,00K","-3,70%",26.0,26.0,26.0,26.0
10/08/2016,"25,00","25,00","25,00","25,00","639,69K","-3,85%",25.0,25.0,25.0,25.0
11/08/2016,"25,00","25,00","25,00","25,00","403,77K","0,00%",25.0,25.0,25.0,25.0
12/08/2016,"24,00","24,00","24,00","24,00","820,77K","-4,00%",24.0,24.0,24.0,24.0
16/08/2016,"23,00","23,00","23,00","23,00","301,11K","-4,17%",23.0,23.0,23.0,23.0
17/08/2016,"22,00","22,00","22,00","22,00","125,67K","-4,35%",22.0,22.0,22.0,22.0
18/08/2016,"21,00","21,00","21,00","21,00","803,91K","-4,55%",21.0,21.0,21.0,21.0
19/08/2016,"21,00","21,00","21,00","21,00","1,56M","0,00%",21.0,21.0,21.0,21.0
22/08/2016,"22,00","22,00","22,00","22,00","83,34K","4,76%",22.0,22.0,22.0,22.0
23/08/2016,"23,00","23,00","23,00","23,00","9,04M","4,55%",23.0,23.0,23.0,23.0
24/08/2016,"24,00","24,00","24,00","24,00","1,02M","4,35%",24.0,24.0,24.0,24.0
25/08/2016,"25,00","25,00","25,00","25,00","438,65K","4,17%",25.0,25.0,25.0,25.0
26/08/2016,"26,00","26,00","26,00","26,00","1,76M","4,00%",26.0,26.0,26.0,26.0
29/08/2016,"27,00","27,00","27,00","27,00","2,12M","3,85%",27.0,27.0,27.0,27.0
30/08/2016,"28,00","28,00","28,00","28,00","842,17K","3,70%",28.0,28.0,28.0,28.0
31/08/2016,"29,00","29,00","29,00","29,00","300,47K","3,57%",29.0,29.0,29.0,29.0
01/09/2016,"29,00","29,00","29,00","29,00","586,01K","0,00%",29.0,29.0,29.0,29.0
02/09/2016,"29,00","29,00","29,00","29,00","382,94K","0,00%",29.0,29.0,29.0,29.0
05/09/2016,"30,00","30,00","30,00","30,00","1,38M","3,45%",30.0,30.0,30.0,30.0
06/09/2016,"32,00","32,00","32,00","32,00","511,79K","6,67%",32.0,32.0,32.0,32.0
07/09/2016,"34,00","34,00","34,00","34,00","102,66K","6,25%",34.0,34.0,34.0,34.0
08/09/2016,"33,00","33,00","33,00","33,00","101,78K","-2,94%",33.0,33.0,33.0,33.0
09/09/2016,"32,00","32,00","32,00","32,00","362,10K","-3,03%",32.0,32.0,32.0,32.0
13/09/2016,"30,00","30,00","30,00","30,00","122,74K","-6,25%",30.0,30.0,30.0,30.0
14/09/2016,"29,00","29,00","29,00","29,00","104,12K","-3,33%",29.0,29.0,29.0,29.0
15/09/2016,"30,00","30,00","30,00","30,00","36,10K","3,45%",30.0,30.0,30.0,30.0
16/09/2016,"28,00","28,00","28,00","28,00","154,17K","-6,67%",28.0,28.0,28.0,28.0
19/09/2016,"28,00","28,00","28,00","28,00","166,50K","0,00%",28.0,28.0,28.0,28.0
20/09/2016,"28,00","28,00","28,00","28,00","110,97K","0,00%",28.0,28.0,28.0,28.0
21/09/2016,"28,00","28,00","28,00","28,00","103,45K","0,00%",28.0,28.0,28.0,28.0
22/09/2016,"29,00","29,00","29,00","29,00","57,66K","3,57%",29.0,29.0,29.0,29.0
23/09/2016,"30,00","30,00","30,00","30,00","1,06M","3,45%",30.0,30.0,30.0,30.0
26/09/2016,"28,00","28,00","28,00","28,00","98,42K","-6,67%",28.0,28.0,28.0,28.0
27/09/2016,"29,00","29,00","29,00","29,00","146,32K","3,57%",29.0,29.0,29.0,29.0
28/09/2016,"28,00","28,00","28,00","28,00","57,05K","-3,45%",28.0,28.0,28.0,28.0
29/09/2016,"27,00","27,00","27,00","27,00","507,22K","-3,57%",27.0,27.0,27.0,27.0
30/09/2016,"29,00","29,00","29,00","29,00","82,19K","7,41%",29.0,29.0,29.0,29.0
03/10/2016,"28,00","28,00","28,00","28,00","80,86K","-3,45%",28.0,28.0,28.0,28.0
04/10/2016,"29,00","29,00","29,00","29,00","8,85K","3,57%",29.0,29.0,29.0,29.0
05/10/2016,"27,00","27,00","27,00","27,00","293,21K","-6,90%",27.0,27.0,27.0,27.0
06/10/2016,"27,00","27,00","27,00","27,00","19,14K","0,00%",27.0,27.0,27.0,27.0
07/10/2016,"27,00","27,00","27,00","27,00","77,90K","0,00%",27.0,27.0,27.0,27.0
10/10/2016,"28,00","28,00","28,00","28,00","8,34K","3,70%",28.0,28.0,28.0,28.0
11/10/2016,"27,00","27,00","27,00","27,00","54,27K","-3,57%",27.0,27.0,27.0,27.0
12/10/2016,"27,00","27,00","27,00","27,00","157,05K","0,00%",27.0,27.0,27.0,27.0
13/10/2016,"26,00","26,00","26,00","26,00","17,05K","-3,70%",26.0,26.0,26.0,26.0
14/10/2016,"27,00","27,00","27,00","27,00","95,89K","3,85%",27.0,27.0,27.0,27.0
17/10/2016,"26,00","26,00","26,00","26,00","28,21K","-3,70%",26.0,26.0,26.0,26.0
18/10/2016,"27,00","27,00","27,00","27,00","5,50K","3,85%",27.0,27.0,27.0,27.0
19/10/2016,"25,00","25,00","25,00","25,00","206,78K","-7,41%",25.0,25.0,25.0,25.0
20/10/2016,"25,00","25,00","25,00","25,00","38,09K","0,00%",25.0,25.0,25.0,25.0
21/10/2016,"26,00","26,00","26,00","26,00","74,69K","4,00%",26.0,26.0,26.0,26.0
24/10/2016,"26,00","26,00","26,00","26,00","26,11K","0,00%",26.0,26.0,26.0,26.0
25/10/2016,"26,00","26,00","26,00","26,00","9,17K","0,00%",26.0,26.0,26.0,26.0
26/10/2016,"25,00","25,00","25,00","25,00","144,56K","-3,85%",25.0,25.0,25.0,25.0
27/10/2016,"26,00","26,00","26,00","26,00","24,86K","4,00%",26.0,26.0,26.0,26.0
28/10/2016,"26,00","26,00","26,00","26,00","147,67K","0,00%",26.0,26.0,26.0,26.0
31/10/2016,"27,00","27,00","27,00","27,00","404,05K","3,85%",27.0,27.0,27.0,27.0
02/11/2016,"29,00","29,00","29,00","29,00","728,64K","7,41%",29.0,29.0,29.0,29.0
03/11/2016,"29,00","29,00","29,00","29,00","38,72K","0,00%",29.0,29.0,29.0,29.0
04/11/2016,"28,00","28,00","28,00","28,00","42,35K","-3,45%",28.0,28.0,28.0,28.0
07/11/2016,"26,00","26,00","26,00","26,00","40,86K","-7,14%",26.0,26.0,26.0,26.0
08/11/2016,"27,00","27,00","27,00","27,00","113,46K","3,85%",27.0,27.0,27.0,27.0
09/11/2016,"29,00","29,00","29,00","29,00","339,01K","7,41%",29.0,29.0,29.0,29.0
10/11/2016,"27,00","27,00","27,00","27,00","71,77K","-6,90%",27.0,27.0,27.0,27.0
11/11/2016,"28,00","28,00","28,00","28,00","1,84K","3,70%",28.0,28.0,28.0,28.0
14/11/2016,"28,00","28,00","28,00","28,00","4,45K","0,00%",28.0,28.0,28.0,28.0
16/11/2016,"27,00","27,00","27,00","27,00","559,22K","-3,57%",27.0,27.0,27.0,27.0
17/11/2016,"26,00","26,00","26,00","26,00","4,29K","-3,70%",26.0,26.0,26.0,26.0
18/11/2016,"25,00","25,00","25,00","25,00","141,77K","-3,85%",25.0,25.0,25.0,25.0
21/11/2016,"24,00","24,00","24,00","24,00","125,20K","-4,00%",24.0,24.0,24.0,24.0
22/11/2016,"25,00","25,00","25,00","25,00","508,26K","4,17%",25.0,25.0,25.0,25.0
23/11/2016,"26,00","26,00","26,00","26,00","15,60K","4,00%",26.0,26.0,26.0,26.0
24/11/2016,"26,00","26,00","26,00","26,00","24,69K","0,00%",26.0,26.0,26.0,26.0
25/11/2016,"26,00","26,00","26,00","26,00","143,76K","0,00%",26.0,26.0,26.0,26.0
28/11/2016,"27,00","27,00","27,00","27,00","720,20K","3,85%",27.0,27.0,27.0,27.0
29/11/2016,"26,00","26,00","26,00","26,00","363,04K","-3,70%",26.0,26.0,26.0,26.0
30/11/2016,"27,00","27,00","27,00","27,00","1,14M","3,85%",27.0,27.0,27.0,27.0
01/12/2016,"26,00","26,00","26,00","26,00","6,80K","-3,70%",26.0,26.0,26.0,26.0
02/12/2016,"26,00","26,00","26,00","26,00","68,05K","0,00%",26.0,26.0,26.0,26.0
05/12/2016,"25,00","25,00","25,00","25,00","273,78K","-3,85%",25.0,25.0,25.0,25.0
06/12/2016,"26,00","26,00","26,00","26,00","49,98K","4,00%",26.0,26.0,26.0,26.0
07/12/2016,"27,00","27,00","27,00","27,00","901,77K","3,85%",27.0,27.0,27.0,27.0
08/12/2016,"25,00","25,00","25,00","25,00","163,25K","-7,41%",25.0,25.0,25.0,25.0
09/12/2016,"26,00","26,00","26,00","26,00","167,49K","4,00%",26.0,26.0,26.0,26.0
13/12/2016,"25,00","25,00","25,00","25,00","452,22K","-3,85%",25.0,25.0,25.0,25.0
14/12/2016,"26,00","26,00","26,00","26,00","6,40K","4,00%",26.0,26.0,26.0,26.0
15/12/2016,"25,00","25,00","25,00","25,00","120,41K","-3,85%",25.0,25.0,25.0,25.0
16/12/2016,"25,00","25,00","25,00","25,00","1,04M","0,00%",25.0,25.0,25.0,25.0
19/12/2016,"25,00","25,00","25,00","25,00","301,08K","0,00%",25.0,25.0,25.0,25.0
20/12/2016,"25,00","25,00","25,00","25,00","543,75K","0,00%",25.0,25.0,25.0,25.0
21/12/2016,"25,00","25,00","25,00","25,00","1,23M","0,00%",25.0,25.0,25.0,25.0
22/12/2016,"24,00","24,00","24,00","24,00","19,85K","-4,00%",24.0,24.0,24.0,24.0
23/12/2016,"24,00","24,00","24,00","24,00","151,47K","0,00%",24.0,24.0,24.0,24.0
27/12/2016,"24,00","24,00","24,00","24,00","50,23K","0,00%",24.0,24.0,24.0,24.0
28/12/2016,"25,00","25,00","25,00","25,00","962,85K","4,17%",25.0,25.0,25.0,25.0
29/12/2016,"24,00","24,00","24,00","24,00","99,62K","-4,00%",24.0,24.0,24.0,24.0
30/12/2016,"25,00","25,00","25,00","25,00","2,29M","4,17%",25.0,25.0,25.0,25.0
02/01/2017,"23,00","24,00","24,00","23,00","46,94K","-8,00%",23.0,24.0,23.0,24.0
03/01/2017,"24,00","24,00","24,00","24,00","79,06K","4,35%",24.0,24.0,24.0,24.0
04/01/2017,"24,00","24,00","24,00","24,00","54,70K","0,00%",24.0,24.0,24.0,24.0
05/01/2017,"24,00","24,00","24,00","24,00","340,32K","0,00%",24.0,24.0,24.0,24.0
06/01/2017,"23,00","23,00","23,00","23,00","41,82K","-4,17%",23.0,23.0,23.0,23.0
09/01/2017,"24,00","24,00","24,00","24,00","40,10K","4,35%",24.0,24.0,24.0,24.0
10/01/2017,"24,00","24,00","24,00","24,00","105,01K","0,00%",24.0,24.0,24.0,24.0
11/01/2017,"24,00","24,00","24,00","24,00","305,99K","0,00%",24.0,24.0,24.0,24.0
12/01/2017,"24,00","24,00","24,00","24,00","129,54K","0,00%",24.0,24.0,24.0,24.0
13/01/2017,"24,00","24,00","24,00","24,00","74,84K","0,00%",24.0,24.0,24.0,24.0
16/01/2017,"24,00","24,00","24,00","24,00","789,27K","0,00%",24.0,24.0,24.0,24.0
17/01/2017,"24,00","24,00","24,00","24,00","129,37K","0,00%",24.0,24.0,24.0,24.0
18/01/2017,"23,00","23,00","23,00","23,00","16,26K","-4,17%",23.0,23.0,23.0,23.0
19/01/2017,"24,00","24,00","24,00","24,00","152,33K","4,35%",24.0,24.0,24.0,24.0
20/01/2017,"24,00","24,00","24,00","24,00","168,07K","0,00%",24.0,24.0,24.0,24.0
23/01/2017,"24,00","24,00","24,00","24,00","240,33K","0,00%",24.0,24.0,24.0,24.0
24/01/2017,"24,00","24,00","24,00","24,00","2,18M","0,00%",24.0,24.0,24.0,24.0
25/01/2017,"24,00","24,00","24,00","24,00","221,54K","0,00%",24.0,24.0,24.0,24.0
26/01/2017,"24,00","24,00","24,00","24,00","6,20K","0,00%",24.0,24.0,24.0,24.0
27/01/2017,"24,00","24,00","24,00","24,00","992,89K","0,00%",24.0,24.0,24.0,24.0
30/01/2017,"24,00","24,00","24,00","24,00","98,79K","0,00%",24.0,24.0,24.0,24.0
31/01/2017,"24,00","24,00","24,00","24,00","18,33K","0,00%",24.0,24.0,24.0,24.0
01/02/2017,"23,00","23,00","23,00","23,00","9,50K","-4,17%",23.0,23.0,23.0,23.0
02/02/2017,"23,00","23,00","23,00","23,00","46,94K","0,00%",23.0,23.0,23.0,23.0
03/02/2017,"24,00","24,00","24,00","24,00","7,43K","4,35%",24.0,24.0,24.0,24.0
06/02/2017,"23,00","23,00","23,00","23,00","10,42K","-4,17%",23.0,23.0,23.0,23.0
07/02/2017,"24,00","24,00","24,00","24,00","24,41K","4,35%",24.0,24.0,24.0,24.0
08/02/2017,"23,00","23,00","23,00","23,00","144,92K","-4,17%",23.0,23.0,23.0,23.0
09/02/2017,"23,00","23,00","23,00","23,00","3,10M","0,00%",23.0,23.0,23.0,23.0
10/02/2017,"24,00","24,00","24,00","24,00","129,88K","4,35%",24.0,24.0,24.0,24.0
13/02/2017,"24,00","24,00","24,00","24,00","28,00K","0,00%",24.0,24.0,24.0,24.0
14/02/2017,"24,00","24,00","24,00","24,00","217,45K","0,00%",24.0,24.0,24.0,24.0
15/02/2017,"23,00","23,00","23,00","23,00","7,93K","-4,17%",23.0,23.0,23.0,23.0
16/02/2017,"23,00","23,00","23,00","23,00","95,92K","0,00%",23.0,23.0,23.0,23.0
17/02/2017,"22,00","22,00","22,00","22,00","116,23K","-4,35%",22.0,22.0,22.0,22.0
18/02/2017,"22,00","22,00","22,00","22,00",,"0,00%",22.0,22.0,22.0,22.0
20/02/2017,"22,00","22,00","22,00","22,00","427,87K","0,00%",22.0,22.0,22.0,22.0
21/02/2017,"22,00","22,00","22,00","22,00","100,46K","0,00%",22.0,22.0,22.0,22.0
22/02/2017,"22,00","22,00","22,00","22,00","97,70K","0,00%",22.0,22.0,22.0,22.0
23/02/2017,"22,00","22,00","22,00","22,00","69,71K","0,00%",22.0,22.0,22.0,22.0
24/02/2017,"22,00","22,00","22,00","22,00","150,49K","0,00%",22.0,22.0,22.0,22.0
27/02/2017,"21,00","21,00","21,00","21,00","99,19K","-4,55%",21.0,21.0,21.0,21.0
28/02/2017,"22,00","22,00","22,00","22,00","75,96K","4,76%",22.0,22.0,22.0,22.0
01/03/2017,"23,00","23,00","23,00","23,00","43,71K","4,55%",23.0,23.0,23.0,23.0
02/03/2017,"22,00","22,00","22,00","22,00","41,20K","-4,35%",22.0,22.0,22.0,22.0
03/03/2017,"22,00","22,00","22,00","22,00","70,48K","0,00%",22.0,22.0,22.0,22.0
06/03/2017,"22,00","22,00","22,00","22,00","122,87K","0,00%",22.0,22.0,22.0,22.0
07/03/2017,"22,00","22,00","22,00","22,00","43,22K","0,00%",22.0,22.0,22.0,22.0
08/03/2017,"22,00","22,00","22,00","22,00","513,43K","0,00%",22.0,22.0,22.0,22.0
09/03/2017,"21,00","21,00","21,00","21,00","93,44K","-4,55%",21.0,21.0,21.0,21.0
10/03/2017,"22,00","22,00","22,00","22,00","38,70K","4,76%",22.0,22.0,22.0,22.0
13/03/2017,"22,00","22,00","22,00","22,00","26,76K","0,00%",22.0,22.0,22.0,22.0
14/03/2017,"22,00","22,00","22,00","22,00","163,21K","0,00%",22.0,22.0,22.0,22.0
15/03/2017,"22,00","22,00","22,00","22,00","16,64K","0,00%",22.0,22.0,22.0,22.0
16/03/2017,"22,00","22,00","22,00","22,00","116,40K","0,00%",22.0,22.0,22.0,22.0
17/03/2017,"22,00","22,00","22,00","22,00","268,48K","0,00%",22.0,22.0,22.0,22.0
20/03/2017,"21,00","21,00","21,00","21,00","65,93K","-4,55%",21.0,21.0,21.0,21.0
21/03/2017,"21,00","21,00","21,00","21,00","94,20K","0,00%",21.0,21.0,21.0,21.0
22/03/2017,"21,00","21,00","21,00","21,00","544,96K","0,00%",21.0,21.0,21.0,21.0
23/03/2017,"21,00","21,00","21,00","21,00","657,93K","0,00%",21.0,21.0,21.0,21.0
24/03/2017,"20,00","20,00","20,00","20,00","132,19K","-4,76%",20.0,20.0,20.0,20.0
27/03/2017,"20,00","20,00","20,00","20,00","282,02K","0,00%",20.0,20.0,20.0,20.0
28/03/2017,"21,00","21,00","21,00","21,00","154,04K","5,00%",21.0,21.0,21.0,21.0
29/03/2017,"21,00","21,00","21,00","21,00","258,88K","0,00%",21.0,21.0,21.0,21.0
30/03/2017,"20,00","20,00","20,00","20,00","220,70K","-4,76%",20.0,20.0,20.0,20.0
31/03/2017,"21,00","21,00","21,00","21,00","95,88K","5,00%",21.0,21.0,21.0,21.0
03/04/2017,"21,00","21,00","21,00","21,00","56,23K","0,00%",21.0,21.0,21.0,21.0
04/04/2017,"21,00","21,00","21,00","21,00","11,58K","0,00%",21.0,21.0,21.0,21.0
05/04/2017,"20,00","20,00","20,00","20,00","27,81K","-4,76%",20.0,20.0,20.0,20.0
06/04/2017,"21,00","21,00","21,00","21,00","41,81K","5,00%",21.0,21.0,21.0,21.0
07/04/2017,"20,00","20,00","20,00","20,00","67,14K","-4,76%",20.0,20.0,20.0,20.0
10/04/2017,"21,00","21,00","21,00","21,00","1,43M","5,00%",21.0,21.0,21.0,21.0
11/04/2017,"21,00","21,00","21,00","21,00","26,05K","0,00%",21.0,21.0,21.0,21.0
12/04/2017,"20,00","20,00","20,00","20,00","62,08K","-4,76%",20.0,20.0,20.0,20.0
13/04/2017,"20,00","20,00","20,00","20,00","815,72K","0,00%",20.0,20.0,20.0,20.0
14/04/2017,"20,00","20,00","20,00","20,00","20,75K","0,00%",20.0,20.0,20.0,20.0
18/04/2017,"20,00","20,00","20,00","20,00","414,45K","0,00%",20.0,20.0,20.0,20.0
19/04/2017,"19,00","19,00","19,00","19,00","4,97M","-5,00%",19.0,19.0,19.0,19.0
20/04/2017,"18,00","18,00","18,00","18,00","109,96K","-5,26%",18.0,18.0,18.0,18.0
21/04/2017,"18,00","18,00","18,00","18,00","369,91K","0,00%",18.0,18.0,18.0,18.0
24/04/2017,"19,00","19,00","19,00","19,00","36,50K","5,56%",19.0,19.0,19.0,19.0
25/04/2017,"20,00","20,00","20,00","20,00","402,38K","5,26%",20.0,20.0,20.0,20.0
26/04/2017,"20,00","20,00","20,00","20,00","17,85K","0,00%",20.0,20.0,20.0,20.0
27/04/2017,"20,00","20,00","20,00","20,00","74,49K","0,00%",20.0,20.0,20.0,20.0
28/04/2017,"19,00","19,00","19,00","19,00","352,67K","-5,00%",19.0,19.0,19.0,19.0
02/05/2017,"18,00","18,00","18,00","18,00","145,24K","-5,26%",18.0,18.0,18.0,18.0
03/05/2017,"18,00","18,00","18,00","18,00","14,43K","0,00%",18.0,18.0,18.0,18.0
04/05/2017,"18,00","18,00","18,00","18,00","17,23M","0,00%",18.0,18.0,18.0,18.0
05/05/2017,"19,00","19,00","19,00","19,00","201,27K","5,56%",19.0,19.0,19.0,19.0
08/05/2017,"18,00","18,00","18,00","18,00","134,33K","-5,26%",18.0,18.0,18.0,18.0
09/05/2017,"18,00","18,00","18,00","18,00","244,74K","0,00%",18.0,18.0,18.0,18.0
10/05/2017,"18,00","18,00","18,00","18,00","180,88K","0,00%",18.0,18.0,18.0,18.0
11/05/2017,"18,00","18,00","18,00","18,00","976,62K","0,00%",18.0,18.0,18.0,18.0
12/05/2017,"18,00","18,00","18,00","18,00","410,05K","0,00%",18.0,18.0,18.0,18.0
15/05/2017,"17,00","17,00","17,00","17,00","601,77K","-5,56%",17.0,17.0,17.0,17.0
16/05/2017,"18,00","18,00","18,00","18,00","28,07K","5,88%",18.0,18.0,18.0,18.0
17/05/2017,"18,00","18,00","18,00","18,00","419,68K","0,00%",18.0,18.0,18.0,18.0
18/05/2017,"18,00","18,00","18,00","18,00","358,91K","0,00%",18.0,18.0,18.0,18.0
19/05/2017,"18,00","18,00","18,00","18,00","98,84K","0,00%",18.0,18.0,18.0,18.0
22/05/2017,"18,00","18,00","18,00","18,00","149,26K","0,00%",18.0,18.0,18.0,18.0
23/05/2017,"17,00","17,00","17,00","17,00","1,45M","-5,56%",17.0,17.0,17.0,17.0
24/05/2017,"18,00","18,00","18,00","18,00","56,02K","5,88%",18.0,18.0,18.0,18.0
26/05/2017,"18,00","18,00","18,00","18,00","1,67M","0,00%",18.0,18.0,18.0,18.0
29/05/2017,"18,00","18,00","18,00","18,00","57,43K","0,00%",18.0,18.0,18.0,18.0
30/05/2017,"18,00","18,00","18,00","18,00","377,31K","0,00%",18.0,18.0,18.0,18.0
31/05/2017,"19,00","19,00","19,00","19,00","651,88K","5,56%",19.0,19.0,19.0,19.0
01/06/2017,"18,00","18,00","18,00","18,00","452,21K","-5,26%",18.0,18.0,18.0,18.0
02/06/2017,"18,00","18,00","18,00","18,00","9,79K","0,00%",18.0,18.0,18.0,18.0
06/06/2017,"17,00","17,00","17,00","17,00","1,11M","-5,56%",17.0,17.0,17.0,17.0
07/06/2017,"18,00","18,00","18,00","18,00","1,00M","5,88%",18.0,18.0,18.0,18.0
08/06/2017,"18,00","18,00","18,00","18,00","21,17M","0,00%",18.0,18.0,18.0,18.0
09/06/2017,"17,00","17,00","17,00","17,00","11,24M","-5,56%",17.0,17.0,17.0,17.0
12/06/2017,"18,00","18,00","18,00","18,00","15,89K","5,88%",18.0,18.0,18.0,18.0
13/06/2017,"17,00","17,00","17,00","17,00","263,15K","-5,56%",17.0,17.0,17.0,17.0
14/06/2017,"18,00","18,00","18,00","18,00","1,05M","5,88%",18.0,18.0,18.0,18.0
15/06/2017,"17,00","17,00","17,00","17,00","221,36K","-5,56%",17.0,17.0,17.0,17.0
16/06/2017,"17,00","17,00","17,00","17,00","5,75K","0,00%",17.0,17.0,17.0,17.0
19/06/2017,"17,00","17,00","17,00","17,00","331,04K","0,00%",17.0,17.0,17.0,17.0
20/06/2017,"18,00","18,00","18,00","18,00","4,14K","5,88%",18.0,18.0,18.0,18.0
21/06/2017,"18,00","18,00","18,00","18,00","1,58M","0,00%",18.0,18.0,18.0,18.0
23/06/2017,"17,00","17,00","17,00","17,00","152,90K","-5,56%",17.0,17.0,17.0,17.0
27/06/2017,"18,00","18,00","18,00","18,00","1,02M","5,88%",18.0,18.0,18.0,18.0
28/06/2017,"18,00","18,00","18,00","18,00","130,38K","0,00%",18.0,18.0,18.0,18.0
29/06/2017,"17,00","17,00","17,00","17,00","62,62K","-5,56%",17.0,17.0,17.0,17.0
30/06/2017,"18,00","18,00","18,00","18,00","381,95K","5,88%",18.0,18.0,18.0,18.0
03/07/2017,"17,00","17,00","17,00","17,00","26,02K","-5,56%",17.0,17.0,17.0,17.0
04/07/2017,"17,00","17,00","17,00","17,00","3,00K","0,00%",17.0,17.0,17.0,17.0
05/07/2017,"18,00","18,00","18,00","18,00","247,26K","5,88%",18.0,18.0,18.0,18.0
06/07/2017,"18,00","18,00","18,00","18,00","12,40K","0,00%",18.0,18.0,18.0,18.0
07/07/2017,"18,00","18,00","18,00","18,00","37,56K","0,00%",18.0,18.0,18.0,18.0
10/07/2017,"17,00","17,00","17,00","17,00","16,16K","-5,56%",17.0,17.0,17.0,17.0
11/07/2017,"17,00","17,00","17,00","17,00","111,85K","0,00%",17.0,17.0,17.0,17.0
12/07/2017,"17,00","17,00","17,00","17,00","26,26K","0,00%",17.0,17.0,17.0,17.0
13/07/2017,"18,00","18,00","18,00","18,00","26,39K","5,88%",18.0,18.0,18.0,18.0
14/07/2017,"18,00","18,00","18,00","18,00","180,34K","0,00%",18.0,18.0,18.0,18.0
17/07/2017,"17,00","17,00","17,00","17,00","1,05K","-5,56%",17.0,17.0,17.0,17.0
18/07/2017,"17,00","17,00","17,00","17,00","126,51K","0,00%",17.0,17.0,17.0,17.0
19/07/2017,"18,00","18,00","18,00","18,00","5,29K","5,88%",18.0,18.0,18.0,18.0
20/07/2017,"17,00","17,00","17,00","17,00","181,32K","-5,56%",17.0,17.0,17.0,17.0
21/07/2017,"18,00","18,00","18,00","18,00","107,56K","5,88%",18.0,18.0,18.0,18.0
24/07/2017,"17,00","17,00","17,00","17,00","5,43K","-5,56%",17.0,17.0,17.0,17.0
25/07/2017,"18,00","18,00","18,00","18,00","216,54K","5,88%",18.0,18.0,18.0,18.0
26/07/2017,"17,00","17,00","17,00","17,00","53,47K","-5,56%",17.0,17.0,17.0,17.0
27/07/2017,"17,00","17,00","17,00","17,00","19,27K","0,00%",17.0,17.0,17.0,17.0
28/07/2017,"18,00","18,00","18,00","18,00","41,42K","5,88%",18.0,18.0,18.0,18.0
31/07/2017,"18,00","18,00","18,00","18,00","1,69M","0,00%",18.0,18.0,18.0,18.0
01/08/2017,"18,00","18,00","18,00","18,00","14,38K","0,00%",18.0,18.0,18.0,18.0
02/08/2017,"18,00","18,00","18,00","18,00","193,19K","0,00%",18.0,18.0,18.0,18.0
03/08/2017,"18,00","18,00","18,00","18,00","54,72M","0,00%",18.0,18.0,18.0,18.0
04/08/2017,"18,00","18,00","18,00","18,00","688,70K","0,00%",18.0,18.0,18.0,18.0
08/08/2017,"19,00","19,00","19,00","19,00","318,38K","5,56%",19.0,19.0,19.0,19.0
09/08/2017,"18,00","18,00","18,00","18,00","871,18K","-5,26%",18.0,18.0,18.0,18.0
10/08/2017,"19,00","19,00","19,00","19,00","652,08K","5,56%",19.0,19.0,19.0,19.0
11/08/2017,"19,00","19,00","19,00","19,00","376,35K","0,00%",19.0,19.0,19.0,19.0
14/08/2017,"20,00","20,00","20,00","20,00","1,37M","5,26%",20.0,20.0,20.0,20.0
16/08/2017,"21,00","21,00","21,00","21,00","177,66K","5,00%",21.0,21.0,21.0,21.0
17/08/2017,"20,00","20,00","20,00","20,00","79,52K","-4,76%",20.0,20.0,20.0,20.0
18/08/2017,"21,00","21,00","21,00","21,00","139,60K","5,00%",21.0,21.0,21.0,21.0
21/08/2017,"21,00","21,00","21,00","21,00","186,75K","0,00%",21.0,21.0,21.0,21.0
22/08/2017,"22,00","22,00","22,00","22,00","64,00K","4,76%",22.0,22.0,22.0,22.0
23/08/2017,"23,00","23,00","23,00","23,00","1,33M","4,55%",23.0,23.0,23.0,23.0
24/08/2017,"23,00","23,00","23,00","23,00","5,43M","0,00%",23.0,23.0,23.0,23.0
25/08/2017,"22,00","22,00","22,00","22,00","510,48K","-4,35%",22.0,22.0,22.0,22.0
28/08/2017,"21,00","21,00","21,00","21,00","25,18K","-4,55%",21.0,21.0,21.0,21.0
29/08/2017,"21,00","21,00","21,00","21,00","53,34K","0,00%",21.0,21.0,21.0,21.0
30/08/2017,"20,00","20,00","20,00","20,00","642,83K","-4,76%",20.0,20.0,20.0,20.0
31/08/2017,"19,00","19,00","19,00","19,00","64,23K","-5,00%",19.0,19.0,19.0,19.0
04/09/2017,"20,00","20,00","20,00","20,00","106,87K","5,26%",20.0,20.0,20.0,20.0
05/09/2017,"20,00","20,00","20,00","20,00","30,52K","0,00%",20.0,20.0,20.0,20.0
06/09/2017,"19,00","19,00","19,00","19,00","275,37K","-5,00%",19.0,19.0,19.0,19.0
07/09/2017,"19,00","19,00","19,00","19,00","12,59K","0,00%",19.0,19.0,19.0,19.0
08/09/2017,"19,00","19,00","19,00","19,00","105,78K","0,00%",19.0,19.0,19.0,19.0
11/09/2017,"20,00","20,00","20,00","20,00","101,37K","5,26%",20.0,20.0,20.0,20.0
12/09/2017,"20,00","20,00","20,00","20,00","37,28K","0,00%",20.0,20.0,20.0,20.0
13/09/2017,"20,00","20,00","20,00","20,00","16,82K","0,00%",20.0,20.0,20.0,20.0
14/09/2017,"20,00","20,00","20,00","20,00","130,65K","0,00%",20.0,20.0,20.0,20.0
15/09/2017,"20,00","20,00","20,00","20,00","46,92K","0,00%",20.0,20.0,20.0,20.0
18/09/2017,"20,00","20,00","20,00","20,00","2,78K","0,00%",20.0,20.0,20.0,20.0
19/09/2017,"20,00","20,00","20,00","20,00","166,97K","0,00%",20.0,20.0,20.0,20.0
20/09/2017,"19,00","19,00","19,00","19,00","86,33K","-5,00%",19.0,19.0,19.0,19.0
21/09/2017,"20,00","20,00","20,00","20,00","22,82K","5,26%",20.0,20.0,20.0,20.0
22/09/2017,"19,00","19,00","19,00","19,00","0,68K","-5,00%",19.0,19.0,19.0,19.0
25/09/2017,"20,00","20,00","20,00","20,00","70,43K","5,26%",20.0,20.0,20.0,20.0
26/09/2017,"19,00","19,00","19,00","19,00","3,22K","-5,00%",19.0,19.0,19.0,19.0
27/09/2017,"20,00","20,00","20,00","20,00","592,82K","5,26%",20.0,20.0,20.0,20.0
28/09/2017,"19,00","19,00","19,00","19,00","2,95M","-5,00%",19.0,19.0,19.0,19.0
29/09/2017,"20,00","20,00","20,00","20,00","153,47K","5,26%",20.0,20.0,20.0,20.0
02/10/2017,"19,00","19,00","19,00","19,00","892,97K","-5,00%",19.0,19.0,19.0,19.0
03/10/2017,"19,00","19,00","19,00","19,00","54,15K","0,00%",19.0,19.0,19.0,19.0
04/10/2017,"19,00","19,00","19,00","19,00","501,25K","0,00%",19.0,19.0,19.0,19.0
05/10/2017,"19,00","19,00","19,00","19,00","173,25K","0,00%",19.0,19.0,19.0,19.0
06/10/2017,"20,00","20,00","20,00","20,00","708,51K","5,26%",20.0,20.0,20.0,20.0
09/10/2017,"20,00","20,00","20,00","20,00","16,27K","0,00%",20.0,20.0,20.0,20.0
10/10/2017,"20,00","20,00","20,00","20,00","29,43K","0,00%",20.0,20.0,20.0,20.0
11/10/2017,"20,00","20,00","20,00","20,00","53,63K","0,00%",20.0,20.0,20.0,20.0
12/10/2017,"20,00","20,00","20,00","20,00","1,12M","0,00%",20.0,20.0,20.0,20.0
13/10/2017,"20,00","20,00","20,00","20,00","35,50K","0,00%",20.0,20.0,20.0,20.0
16/10/2017,"20,00","20,00","20,00","20,00","12,17K","0,00%",20.0,20.0,20.0,20.0
17/10/2017,"20,00","20,00","20,00","20,00","382,85K","0,00%",20.0,20.0,20.0,20.0
18/10/2017,"19,00","19,00","19,00","19,00","166,35K","-5,00%",19.0,19.0,19.0,19.0
19/10/2017,"19,00","19,00","19,00","19,00","51,29K","0,00%",19.0,19.0,19.0,19.0
20/10/2017,"19,00","19,00","19,00","19,00","2,00K","0,00%",19.0,19.0,19.0,19.0
23/10/2017,"19,00","19,00","19,00","19,00","111,52K","0,00%",19.0,19.0,19.0,19.0
24/10/2017,"20,00","20,00","20,00","20,00","7,81K","5,26%",20.0,20.0,20.0,20.0
25/10/2017,"19,00","19,00","19,00","19,00","2,68K","-5,00%",19.0,19.0,19.0,19.0
26/10/2017,"19,00","19,00","19,00","19,00","638,44K","0,00%",19.0,19.0,19.0,19.0
27/10/2017,"18,00","18,00","18,00","18,00","125,96K","-5,26%",18.0,18.0,18.0,18.0
30/10/2017,"19,00","19,00","19,00","19,00","61,30K","5,56%",19.0,19.0,19.0,19.0
31/10/2017,"18,00","18,00","18,00","18,00","149,26K","-5,26%",18.0,18.0,18.0,18.0
02/11/2017,"18,00","18,00","18,00","18,00","11,62K","0,00%",18.0,18.0,18.0,18.0
03/11/2017,"18,00","18,00","18,00","18,00","130,16K","0,00%",18.0,18.0,18.0,18.0
06/11/2017,"18,00","18,00","18,00","18,00","17,03K","0,00%",18.0,18.0,18.0,18.0
07/11/2017,"18,00","18,00","18,00","18,00","17,88M","0,00%",18.0,18.0,18.0,18.0
08/11/2017,"18,00","18,00","18,00","18,00","1,00K","0,00%",18.0,18.0,18.0,18.0
09/11/2017,"18,00","18,00","18,00","18,00","51,05K","0,00%",18.0,18.0,18.0,18.0
10/11/2017,"19,00","19,00","19,00","19,00","134,91K","5,56%",19.0,19.0,19.0,19.0
13/11/2017,"20,00","20,00","20,00","20,00","13,00K","5,26%",20.0,20.0,20.0,20.0
14/11/2017,"19,00","19,00","19,00","19,00","0,34K","-5,00%",19.0,19.0,19.0,19.0
16/11/2017,"18,00","18,00","18,00","18,00","2,66M","-5,26%",18.0,18.0,18.0,18.0
17/11/2017,"18,00","18,00","18,00","18,00","16,54K","0,00%",18.0,18.0,18.0,18.0
20/11/2017,"18,00","18,00","18,00","18,00","666,52K","0,00%",18.0,18.0,18.0,18.0
21/11/2017,"18,00","18,00","18,00","18,00","36,16K","0,00%",18.0,18.0,18.0,18.0
22/11/2017,"18,00","18,00","18,00","18,00","7,81K","0,00%",18.0,18.0,18.0,18.0
23/11/2017,"19,00","19,00","19,00","19,00","71,62K","5,56%",19.0,19.0,19.0,19.0
24/11/2017,"19,00","19,00","19,00","19,00","16,92K","0,00%",19.0,19.0,19.0,19.0
27/11/2017,"18,00","18,00","18,00","18,00","10,83K","-5,26%",18.0,18.0,18.0,18.0
28/11/2017,"19,00","19,00","19,00","19,00","8,20K","5,56%",19.0,19.0,19.0,19.0
29/11/2017,"19,00","19,00","19,00","19,00","2,97K","0,00%",19.0,19.0,19.0,19.0
30/11/2017,"19,00","19,00","19,00","19,00","24,83K","0,00%",19.0,19.0,19.0,19.0
04/12/2017,"18,00","18,00","18,00","18,00","229,13K","-5,26%",18.0,18.0,18.0,18.0
05/12/2017,"18,00","18,00","18,00","18,00","483,80K","0,00%",18.0,18.0,18.0,18.0
06/12/2017,"18,00","18,00","18,00","18,00","2,81M","0,00%",18.0,18.0,18.0,18.0
07/12/2017,"18,00","18,00","18,00","18,00","5,09K","0,00%",18.0,18.0,18.0,18.0
08/12/2017,"18,00","18,00","18,00","18,00","68,21K","0,00%",18.0,18.0,18.0,18.0
11/12/2017,"18,00","18,00","18,00","18,00","30,81K","0,00%",18.0,18.0,18.0,18.0
12/12/2017,"18,00","18,00","18,00","18,00","15,27K","0,00%",18.0,18.0,18.0,18.0
13/12/2017,"17,00","17,00","17,00","17,00","21,03K","-5,56%",17.0,17.0,17.0,17.0
14/12/2017,"18,00","18,00","18,00","18,00","30,47K","5,88%",18.0,18.0,18.0,18.0
19/12/2017,"18,00","18,00","18,00","18,00","2,36M","0,00%",18.0,18.0,18.0,18.0
20/12/2017,"17,00","17,00","17,00","17,00","132,92K","-5,56%",17.0,17.0,17.0,17.0
21/12/2017,"18,00","18,00","18,00","18,00","9,00K","5,88%",18.0,18.0,18.0,18.0
22/12/2017,"17,00","17,00","17,00","17,00","23,63K","-5,56%",17.0,17.0,17.0,17.0
26/12/2017,"17,00","17,00","17,00","17,00","36,88K","0,00%",17.0,17.0,17.0,17.0
27/12/2017,"17,00","17,00","17,00","17,00","65,24K","0,00%",17.0,17.0,17.0,17.0
28/12/2017,"17,00","17,00","17,00","17,00","53,82K","0,00%",17.0,17.0,17.0,17.0
29/12/2017,"17,00","17,00","17,00","17,00","85,38K","0,00%",17.0,17.0,17.0,17.0
02/01/2018,"18,00","18,00","18,00","18,00","101,57K","5,88%",18.0,18.0,18.0,18.0
03/01/2018,"18,00","18,00","18,00","18,00","27,17K","0,00%",18.0,18.0,18.0,18.0
04/01/2018,"19,00","19,00","19,00","19,00","142,74K","5,56%",19.0,19.0,19.0,19.0
05/01/2018,"19,00","19,00","19,00","19,00","119,85K","0,00%",19.0,19.0,19.0,19.0
08/01/2018,"20,00","20,00","20,00","20,00","127,53K","5,26%",20.0,20.0,20.0,20.0
09/01/2018,"19,00","19,00","19,00","19,00","5,30K","-5,00%",19.0,19.0,19.0,19.0
10/01/2018,"20,00","20,00","20,00","20,00","122,75K","5,26%",20.0,20.0,20.0,20.0
11/01/2018,"19,00","19,00","19,00","19,00","26,81K","-5,00%",19.0,19.0,19.0,19.0
12/01/2018,"19,00","19,00","19,00","19,00","21,70K","0,00%",19.0,19.0,19.0,19.0
15/01/2018,"19,00","19,00","19,00","19,00","102,81K","0,00%",19.0,19.0,19.0,19.0
16/01/2018,"19,00","19,00","19,00","19,00","64,86K","0,00%",19.0,19.0,19.0,19.0
17/01/2018,"19,00","19,00","19,00","19,00","1,43K","0,00%",19.0,19.0,19.0,19.0
18/01/2018,"18,00","18,00","18,00","18,00","160,18K","-5,26%",18.0,18.0,18.0,18.0
19/01/2018,"19,00","19,00","19,00","19,00","61,41K","5,56%",19.0,19.0,19.0,19.0
22/01/2018,"19,00","19,00","19,00","19,00","165,45K","0,00%",19.0,19.0,19.0,19.0
23/01/2018,"19,00","19,00","19,00","19,00","8,55K","0,00%",19.0,19.0,19.0,19.0
24/01/2018,"19,00","19,00","19,00","19,00","13,82K","0,00%",19.0,19.0,19.0,19.0
25/01/2018,"20,00","20,00","20,00","20,00","9,70K","5,26%",20.0,20.0,20.0,20.0
26/01/2018,"19,00","19,00","19,00","19,00","7,85K","-5,00%",19.0,19.0,19.0,19.0
29/01/2018,"19,00","19,00","19,00","19,00","2,93K","0,00%",19.0,19.0,19.0,19.0
30/01/2018,"19,00","19,00","19,00","19,00","1,05K","0,00%",19.0,19.0,19.0,19.0
31/01/2018,"19,00","19,00","19,00","19,00","33,57M","0,00%",19.0,19.0,19.0,19.0
01/02/2018,"19,00","19,00","19,00","19,00","13,39K","0,00%",19.0,19.0,19.0,19.0
02/02/2018,"18,00","18,00","18,00","18,00","9,53K","-5,26%",18.0,18.0,18.0,18.0
05/02/2018,"18,00","18,00","18,00","18,00","9,85K","0,00%",18.0,18.0,18.0,18.0
06/02/2018,"18,00","18,00","18,00","18,00","12,00K","0,00%",18.0,18.0,18.0,18.0
07/02/2018,"18,00","18,00","18,00","18,00","25,10K","0,00%",18.0,18.0,18.0,18.0
08/02/2018,"19,00","19,00","19,00","19,00","6,60K","5,56%",19.0,19.0,19.0,19.0
09/02/2018,"18,00","18,00","18,00","18,00","16,44K","-5,26%",18.0,18.0,18.0,18.0
12/02/2018,"18,00","18,00","18,00","18,00","44,08K","0,00%",18.0,18.0,18.0,18.0
13/02/2018,"18,00","18,00","18,00","18,00","28,33K","0,00%",18.0,18.0,18.0,18.0
14/02/2018,"18,00","18,00","18,00","18,00","5,13K","0,00%",18.0,18.0,18.0,18.0
15/02/2018,"18,00","18,00","18,00","18,00","35,82K","0,00%",18.0,18.0,18.0,18.0
16/02/2018,"18,00","18,00","18,00","18,00","6,89K","0,00%",18.0,18.0,18.0,18.0
19/02/2018,"18,00","18,00","18,00","18,00","24,58K","0,00%",18.0,18.0,18.0,18.0
20/02/2018,"18,00","18,00","18,00","18,00","4,05K","0,00%",18.0,18.0,18.0,18.0
21/02/2018,"18,00","18,00","18,00","18,00","7,40K","0,00%",18.0,18.0,18.0,18.0
22/02/2018,"19,00","19,00","19,00","19,00","16,03K","5,56%",19.0,19.0,19.0,19.0
23/02/2018,"19,00","19,00","19,00","19,00","15,05K","0,00%",19.0,19.0,19.0,19.0
26/02/2018,"18,00","18,00","18,00","18,00","29,78K","-5,26%",18.0,18.0,18.0,18.0
27/02/2018,"18,00","18,00","18,00","18,00","1,50K","0,00%",18.0,18.0,18.0,18.0
28/02/2018,"18,00","18,00","18,00","18,00","9,88K","0,00%",18.0,18.0,18.0,18.0
01/03/2018,"19,00","19,00","19,00","19,00","11,15K","5,56%",19.0,19.0,19.0,19.0
02/03/2018,"18,00","18,00","18,00","18,00","1,44M","-5,26%",18.0,18.0,18.0,18.0
05/03/2018,"19,00","19,00","19,00","19,00","4,21K","5,56%",19.0,19.0,19.0,19.0
07/03/2018,"19,00","19,00","19,00","19,00","0,24K","0,00%",19.0,19.0,19.0,19.0
08/03/2018,"18,00","18,00","18,00","18,00","5,90K","-5,26%",18.0,18.0,18.0,18.0
09/03/2018,"19,00","19,00","19,00","19,00","271,34K","5,56%",19.0,19.0,19.0,19.0
12/03/2018,"19,00","19,00","19,00","19,00","4,20K","0,00%",19.0,19.0,19.0,19.0
13/03/2018,"18,00","18,00","18,00","18,00","27,10K","-5,26%",18.0,18.0,18.0,18.0
14/03/2018,"19,00","19,00","19,00","19,00","20,39K","5,56%",19.0,19.0,19.0,19.0
15/03/2018,"20,00","20,00","20,00","20,00","120,92K","5,26%",20.0,20.0,20.0,20.0
16/03/2018,"19,00","19,00","19,00","19,00","820,07K","-5,00%",19.0,19.0,19.0,19.0
19/03/2018,"18,00","18,00","18,00","18,00","328,59K","-5,26%",18.0,18.0,18.0,18.0
20/03/2018,"17,00","17,00","17,00","17,00","243,06K","-5,56%",17.0,17.0,17.0,17.0
21/03/2018,"17,00","17,00","17,00","17,00","1,47K","0,00%",17.0,17.0,17.0,17.0
22/03/2018,"18,00","18,00","18,00","18,00","353,35K","5,88%",18.0,18.0,18.0,18.0
23/03/2018,"19,00","19,00","19,00","19,00","151,08K","5,56%",19.0,19.0,19.0,19.0
26/03/2018,"20,00","20,00","20,00","20,00","727,40K","5,26%",20.0,20.0,20.0,20.0
27/03/2018,"20,00","20,00","20,00","20,00","55,75K","0,00%",20.0,20.0,20.0,20.0
28/03/2018,"19,00","19,00","19,00","19,00","197,33K","-5,00%",19.0,19.0,19.0,19.0
29/03/2018,"18,00","18,00","18,00","18,00","12,47K","-5,26%",18.0,18.0,18.0,18.0
30/03/2018,"18,00","18,00","18,00","18,00","353,96K","0,00%",18.0,18.0,18.0,18.0
03/04/2018,"19,00","19,00","19,00","19,00","55,22K","5,56%",19.0,19.0,19.0,19.0
04/04/2018,"19,00","19,00","19,00","19,00","191,63K","0,00%",19.0,19.0,19.0,19.0
05/04/2018,"19,00","19,00","19,00","19,00","7,44K","0,00%",19.0,19.0,19.0,19.0
06/04/2018,"19,00","19,00","19,00","19,00","211,20K","0,00%",19.0,19.0,19.0,19.0
09/04/2018,"18,00","18,00","18,00","18,00","28,08K","-5,26%",18.0,18.0,18.0,18.0
10/04/2018,"18,00","18,00","18,00","18,00","396,23K","0,00%",18.0,18.0,18.0,18.0
11/04/2018,"18,00","18,00","18,00","18,00","898,72K","0,00%",18.0,18.0,18.0,18.0
12/04/2018,"19,00","19,00","19,00","19,00","3,66K","5,56%",19.0,19.0,19.0,19.0
13/04/2018,"19,00","19,00","19,00","19,00","1,80K","0,00%",19.0,19.0,19.0,19.0
16/04/2018,"19,00","19,00","19,00","19,00","2,70M","0,00%",19.0,19.0,19.0,19.0
17/04/2018,"18,00","18,00","18,00","18,00","48,28K","-5,26%",18.0,18.0,18.0,18.0
18/04/2018,"18,00","18,00","18,00","18,00","1,24M","0,00%",18.0,18.0,18.0,18.0
19/04/2018,"18,00","18,00","18,00","18,00","9,43K","0,00%",18.0,18.0,18.0,18.0
20/04/2018,"19,00","19,00","19,00","19,00","15,96K","5,56%",19.0,19.0,19.0,19.0
23/04/2018,"19,00","19,00","19,00","19,00","3,16M","0,00%",19.0,19.0,19.0,19.0
24/04/2018,"20,00","20,00","20,00","20,00","1,01M","5,26%",20.0,20.0,20.0,20.0
25/04/2018,"21,00","21,00","21,00","21,00","847,37K","5,00%",21.0,21.0,21.0,21.0
26/04/2018,"22,00","22,00","22,00","22,00","27,56K","4,76%",22.0,22.0,22.0,22.0
27/04/2018,"23,00","23,00","23,00","23,00","114,91K","4,55%",23.0,23.0,23.0,23.0
30/04/2018,"24,00","24,00","24,00","24,00","200,00K","4,35%",24.0,24.0,24.0,24.0
02/05/2018,"25,00","25,00","25,00","25,00","7,83M","4,17%",25.0,25.0,25.0,25.0
03/05/2018,"25,00","25,00","25,00","25,00","3,83M","0,00%",25.0,25.0,25.0,25.0
04/05/2018,"24,00","24,00","24,00","24,00","432,03K","-4,00%",24.0,24.0,24.0,24.0
07/05/2018,"24,00","24,00","24,00","24,00","194,77K","0,00%",24.0,24.0,24.0,24.0
08/05/2018,"23,00","23,00","23,00","23,00","153,69K","-4,17%",23.0,23.0,23.0,23.0
09/05/2018,"23,00","23,00","23,00","23,00","26,35K","0,00%",23.0,23.0,23.0,23.0
11/05/2018,"22,00","22,00","22,00","22,00","132,66K","-4,35%",22.0,22.0,22.0,22.0
14/05/2018,"23,00","23,00","23,00","23,00","132,18K","4,55%",23.0,23.0,23.0,23.0
15/05/2018,"22,00","22,00","22,00","22,00","421,83K","-4,35%",22.0,22.0,22.0,22.0
16/05/2018,"23,00","23,00","23,00","23,00","47,35K","4,55%",23.0,23.0,23.0,23.0
17/05/2018,"22,00","22,00","22,00","22,00","15,55K","-4,35%",22.0,22.0,22.0,22.0
18/05/2018,"23,00","23,00","23,00","23,00","91,13K","4,55%",23.0,23.0,23.0,23.0
22/05/2018,"22,00","22,00","22,00","22,00","4,99K","-4,35%",22.0,22.0,22.0,22.0
23/05/2018,"22,00","22,00","22,00","22,00","163,08K","0,00%",22.0,22.0,22.0,22.0
24/05/2018,"22,00","22,00","22,00","22,00","148,65K","0,00%",22.0,22.0,22.0,22.0
25/05/2018,"23,00","23,00","23,00","23,00","18,39K","4,55%",23.0,23.0,23.0,23.0
28/05/2018,"22,00","22,00","22,00","22,00","57,15K","-4,35%",22.0,22.0,22.0,22.0
29/05/2018,"21,00","21,00","21,00","21,00","123,77K","-4,55%",21.0,21.0,21.0,21.0
30/05/2018,"21,00","21,00","21,00","21,00","164,66K","0,00%",21.0,21.0,21.0,21.0
31/05/2018,"21,00","21,00","21,00","21,00","16,20K","0,00%",21.0,21.0,21.0,21.0
01/06/2018,"21,00","21,00","21,00","21,00","34,45K","0,00%",21.0,21.0,21.0,21.0
04/06/2018,"21,00","21,00","21,00","21,00","49,38K","0,00%",21.0,21.0,21.0,21.0
05/06/2018,"21,00","21,00","21,00","21,00","13,48K","0,00%",21.0,21.0,21.0,21.0
06/06/2018,"20,00","20,00","20,00","20,00","122,70K","-4,76%",20.0,20.0,20.0,20.0
07/06/2018,"20,00","20,00","20,00","20,00","63,06K","0,00%",20.0,20.0,20.0,20.0
08/06/2018,"19,00","19,00","19,00","19,00","10,90K","-5,00%",19.0,19.0,19.0,19.0
12/06/2018,"20,00","20,00","20,00","20,00","353,28K","5,26%",20.0,20.0,20.0,20.0
13/06/2018,"20,00","20,00","20,00","20,00","48,09K","0,00%",20.0,20.0,20.0,20.0
15/06/2018,"20,00","20,00","20,00","20,00","36,12K","0,00%",20.0,20.0,20.0,20.0
18/06/2018,"20,00","20,00","20,00","20,00","181,51K","0,00%",20.0,20.0,20.0,20.0
19/06/2018,"20,00","20,00","20,00","20,00","1,18M","0,00%",20.0,20.0,20.0,20.0
20/06/2018,"19,00","19,00","19,00","19,00","11,13K","-5,00%",19.0,19.0,19.0,19.0
21/06/2018,"19,00","19,00","19,00","19,00","993,79K","0,00%",19.0,19.0,19.0,19.0
22/06/2018,"20,00","20,00","20,00","20,00","68,56K","5,26%",20.0,20.0,20.0,20.0
25/06/2018,"19,00","19,00","19,00","19,00","34,21K","-5,00%",19.0,19.0,19.0,19.0
26/06/2018,"20,00","20,00","20,00","20,00","167,21K","5,26%",20.0,20.0,20.0,20.0
27/06/2018,"19,00","19,00","19,00","19,00","66,40K","-5,00%",19.0,19.0,19.0,19.0
28/06/2018,"20,00","20,00","20,00","20,00","9,24K","5,26%",20.0,20.0,20.0,20.0
29/06/2018,"20,00","20,00","20,00","20,00","82,80K","0,00%",20.0,20.0,20.0,20.0
02/07/2018,"20,00","20,00","20,00","20,00","66,36K","0,00%",20.0,20.0,20.0,20.0
03/07/2018,"21,00","21,00","21,00","21,00","11,73K","5,00%",21.0,21.0,21.0,21.0
04/07/2018,"22,00","22,00","22,00","22,00","83,97K","4,76%",22.0,22.0,22.0,22.0
05/07/2018,"22,00","22,00","22,00","22,00","294,37K","0,00%",22.0,22.0,22.0,22.0
06/07/2018,"21,00","21,00","21,00","21,00","403,56K","-4,55%",21.0,21.0,21.0,21.0
09/07/2018,"21,00","21,00","21,00","21,00","35,86K","0,00%",21.0,21.0,21.0,21.0
10/07/2018,"22,00","22,00","22,00","22,00","30,45K","4,76%",22.0,22.0,22.0,22.0
11/07/2018,"21,00","21,00","21,00","21,00","95,89K","-4,55%",21.0,21.0,21.0,21.0
12/07/2018,"22,00","22,00","22,00","22,00","50,66K","4,76%",22.0,22.0,22.0,22.0
13/07/2018,"21,00","21,00","21,00","21,00","69,90K","-4,55%",21.0,21.0,21.0,21.0
16/07/2018,"22,00","22,00","22,00","22,00","69,93K","4,76%",22.0,22.0,22.0,22.0
17/07/2018,"22,00","22,00","22,00","22,00","67,42K","0,00%",22.0,22.0,22.0,22.0
18/07/2018,"22,00","22,00","22,00","22,00","126,67K","0,00%",22.0,22.0,22.0,22.0
19/07/2018,"23,00","23,00","23,00","23,00","33,21K","4,55%",23.0,23.0,23.0,23.0
20/07/2018,"22,00","22,00","22,00","22,00","30,25K","-4,35%",22.0,22.0,22.0,22.0
23/07/2018,"22,00","22,00","22,00","22,00","32,01K","0,00%",22.0,22.0,22.0,22.0
24/07/2018,"22,00","22,00","22,00","22,00","96,81K","0,00%",22.0,22.0,22.0,22.0
25/07/2018,"21,00","21,00","21,00","21,00","33,27K","-4,55%",21.0,21.0,21.0,21.0
26/07/2018,"22,00","22,00","22,00","22,00","96,63K","4,76%",22.0,22.0,22.0,22.0
27/07/2018,"23,00","23,00","23,00","23,00","36,53K","4,55%",23.0,23.0,23.0,23.0
30/07/2018,"22,00","22,00","22,00","22,00","54,27K","-4,35%",22.0,22.0,22.0,22.0
31/07/2018,"22,00","22,00","22,00","22,00","82,32K","0,00%",22.0,22.0,22.0,22.0
01/08/2018,"22,00","22,00","22,00","22,00","57,69K","0,00%",22.0,22.0,22.0,22.0
02/08/2018,"22,00","22,00","22,00","22,00","53,60K","0,00%",22.0,22.0,22.0,22.0
03/08/2018,"21,00","21,00","21,00","21,00","24,63K","-4,55%",21.0,21.0,21.0,21.0
08/08/2018,"21,00","21,00","21,00","21,00","883,91K","0,00%",21.0,21.0,21.0,21.0
09/08/2018,"22,00","22,00","22,00","22,00","113,89K","4,76%",22.0,22.0,22.0,22.0
10/08/2018,"22,00","22,00","22,00","22,00","70,44K","0,00%",22.0,22.0,22.0,22.0
13/08/2018,"22,00","22,00","22,00","22,00","132,52K","0,00%",22.0,22.0,22.0,22.0
14/08/2018,"22,00","22,00","22,00","22,00","0,27K","0,00%",22.0,22.0,22.0,22.0
16/08/2018,"21,00","21,00","21,00","21,00","2,20K","-4,55%",21.0,21.0,21.0,21.0
17/08/2018,"22,00","22,00","22,00","22,00","4,87K","4,76%",22.0,22.0,22.0,22.0
20/08/2018,"21,00","21,00","21,00","21,00","39,77K","-4,55%",21.0,21.0,21.0,21.0
22/08/2018,"21,00","21,00","21,00","21,00","100,08K","0,00%",21.0,21.0,21.0,21.0
23/08/2018,"22,00","22,00","22,00","22,00","935,64K","4,76%",22.0,22.0,22.0,22.0
24/08/2018,"22,00","22,00","22,00","22,00","15,33K","0,00%",22.0,22.0,22.0,22.0
27/08/2018,"22,00","22,00","22,00","22,00","404,23K","0,00%",22.0,22.0,22.0,22.0
28/08/2018,"23,00","23,00","23,00","23,00","73,17K","4,55%",23.0,23.0,23.0,23.0
29/08/2018,"22,00","22,00","22,00","22,00","114,69K","-4,35%",22.0,22.0,22.0,22.0
30/08/2018,"23,00","23,00","23,00","23,00","95,48K","4,55%",23.0,23.0,23.0,23.0
31/08/2018,"22,00","22,00","22,00","22,00","310,22K","-4,35%",22.0,22.0,22.0,22.0
03/09/2018,"22,00","22,00","22,00","22,00","38,79K","0,00%",22.0,22.0,22.0,22.0
04/09/2018,"23,00","23,00","23,00","23,00","63,68K","4,55%",23.0,23.0,23.0,23.0
05/09/2018,"22,00","22,00","22,00","22,00","179,24K","-4,35%",22.0,22.0,22.0,22.0
06/09/2018,"22,00","22,00","22,00","22,00","24,84K","0,00%",22.0,22.0,22.0,22.0
07/09/2018,"22,00","22,00","22,00","22,00","40,90K","0,00%",22.0,22.0,22.0,22.0
10/09/2018,"22,00","22,00","22,00","22,00","0,45K","0,00%",22.0,22.0,22.0,22.0
11/09/2018,"22,00","22,00","22,00","22,00","25,43K","0,00%",22.0,22.0,22.0,22.0
12/09/2018,"22,00","22,00","22,00","22,00","207,39K","0,00%",22.0,22.0,22.0,22.0
13/09/2018,"22,00","22,00","22,00","22,00","8,31K","0,00%",22.0,22.0,22.0,22.0
14/09/2018,"22,00","22,00","22,00","22,00","118,97K","0,00%",22.0,22.0,22.0,22.0
17/09/2018,"22,00","22,00","22,00","22,00","26,21K","0,00%",22.0,22.0,22.0,22.0
18/09/2018,"22,00","22,00","22,00","22,00","114,66K","0,00%",22.0,22.0,22.0,22.0
19/09/2018,"22,00","22,00","22,00","22,00","48,97K","0,00%",22.0,22.0,22.0,22.0
20/09/2018,"22,00","22,00","22,00","22,00","361,22K","0,00%",22.0,22.0,22.0,22.0
21/09/2018,"22,00","22,00","22,00","22,00","106,29K","0,00%",22.0,22.0,22.0,22.0
24/09/2018,"22,00","22,00","22,00","22,00","16,92K","0,00%",22.0,22.0,22.0,22.0
25/09/2018,"22,00","22,00","22,00","22,00","25,24K","0,00%",22.0,22.0,22.0,22.0
26/09/2018,"22,00","22,00","22,00","22,00","130,00K","0,00%",22.0,22.0,22.0,22.0
27/09/2018,"21,00","21,00","21,00","21,00","72,90K","-4,55%",21.0,21.0,21.0,21.0
28/09/2018,"22,00","22,00","22,00","22,00","2,00K","4,76%",22.0,22.0,22.0,22.0
01/10/2018,"22,00","22,00","22,00","22,00","98,80K","0,00%",22.0,22.0,22.0,22.0
02/10/2018,"22,00","22,00","22,00","22,00","20,36K","0,00%",22.0,22.0,22.0,22.0
03/10/2018,"22,00","22,00","22,00","22,00","57,51K","0,00%",22.0,22.0,22.0,22.0
04/10/2018,"21,00","21,00","21,00","21,00","10,99K","-4,55%",21.0,21.0,21.0,21.0
05/10/2018,"22,00","22,00","22,00","22,00","130,57K","4,76%",22.0,22.0,22.0,22.0
08/10/2018,"21,00","21,00","21,00","21,00","37,73K","-4,55%",21.0,21.0,21.0,21.0
09/10/2018,"22,00","22,00","22,00","22,00","15,09K","4,76%",22.0,22.0,22.0,22.0
10/10/2018,"23,00","23,00","23,00","23,00","787,09K","4,55%",23.0,23.0,23.0,23.0
11/10/2018,"22,00","22,00","22,00","22,00","1,27M","-4,35%",22.0,22.0,22.0,22.0
12/10/2018,"21,00","21,00","21,00","21,00","320,52K","-4,55%",21.0,21.0,21.0,21.0
15/10/2018,"22,00","22,00","22,00","22,00","115,05K","4,76%",22.0,22.0,22.0,22.0
16/10/2018,"21,00","21,00","21,00","21,00","682,28K","-4,55%",21.0,21.0,21.0,21.0
17/10/2018,"22,00","22,00","22,00","22,00","0,01K","4,76%",22.0,22.0,22.0,22.0
18/10/2018,"21,00","21,00","21,00","21,00","56,17K","-4,55%",21.0,21.0,21.0,21.0
19/10/2018,"21,00","21,00","21,00","21,00","88,80K","0,00%",21.0,21.0,21.0,21.0
22/10/2018,"21,00","21,00","21,00","21,00","79,60K","0,00%",21.0,21.0,21.0,21.0
23/10/2018,"21,00","21,00","21,00","21,00","57,11K","0,00%",21.0,21.0,21.0,21.0
24/10/2018,"20,00","20,00","20,00","20,00","523,44K","-4,76%",20.0,20.0,20.0,20.0
25/10/2018,"20,00","20,00","20,00","20,00","82,28K","0,00%",20.0,20.0,20.0,20.0
26/10/2018,"20,00","20,00","20,00","20,00","106,48K","0,00%",20.0,20.0,20.0,20.0
29/10/2018,"19,00","19,00","19,00","19,00","180,94K","-5,00%",19.0,19.0,19.0,19.0
30/10/2018,"19,00","19,00","19,00","19,00","1,88M","0,00%",19.0,19.0,19.0,19.0
31/10/2018,"19,00","19,00","19,00","19,00","2,85K","0,00%",19.0,19.0,19.0,19.0
02/11/2018,"19,00","19,00","19,00","19,00","37,72K","0,00%",19.0,19.0,19.0,19.0
05/11/2018,"19,00","19,00","19,00","19,00","38,60K","0,00%",19.0,19.0,19.0,19.0
06/11/2018,"20,00","20,00","20,00","20,00","386,62K","5,26%",20.0,20.0,20.0,20.0
07/11/2018,"20,00","20,00","20,00","20,00","21,10K","0,00%",20.0,20.0,20.0,20.0
08/11/2018,"20,00","20,00","20,00","20,00","11,27K","0,00%",20.0,20.0,20.0,20.0
09/11/2018,"20,00","20,00","20,00","20,00","40,30K","0,00%",20.0,20.0,20.0,20.0
12/11/2018,"20,00","20,00","20,00","20,00","40,86K","0,00%",20.0,20.0,20.0,20.0
13/11/2018,"19,00","19,00","19,00","19,00","17,05K","-5,00%",19.0,19.0,19.0,19.0
14/11/2018,"19,00","19,00","19,00","19,00","41,15K","0,00%",19.0,19.0,19.0,19.0
16/11/2018,"20,00","20,00","20,00","20,00","951,35K","5,26%",20.0,20.0,20.0,20.0
19/11/2018,"19,00","19,00","19,00","19,00","88,28K","-5,00%",19.0,19.0,19.0,19.0
21/11/2018,"19,00","19,00","19,00","19,00","2,04M","0,00%",19.0,19.0,19.0,19.0
22/11/2018,"18,00","18,00","18,00","18,00","425,78K","-5,26%",18.0,18.0,18.0,18.0
23/11/2018,"18,00","18,00","18,00","18,00","473,65K","0,00%",18.0,18.0,18.0,18.0
26/11/2018,"18,00","18,00","18,00","18,00","138,59K","0,00%",18.0,18.0,18.0,18.0
27/11/2018,"18,00","18,00","18,00","18,00","84,45K","0,00%",18.0,18.0,18.0,18.0
28/11/2018,"18,00","18,00","18,00","18,00","20,25K","0,00%",18.0,18.0,18.0,18.0
29/11/2018,"17,00","17,00","17,00","17,00","160,78K","-5,56%",17.0,17.0,17.0,17.0
30/11/2018,"18,00","18,00","18,00","18,00","31,50K","5,88%",18.0,18.0,18.0,18.0
03/12/2018,"18,00","18,00","18,00","18,00","18,51K","0,00%",18.0,18.0,18.0,18.0
04/12/2018,"17,00","17,00","17,00","17,00","50,64K","-5,56%",17.0,17.0,17.0,17.0
05/12/2018,"17,00","17,00","17,00","17,00","166,11K","0,00%",17.0,17.0,17.0,17.0
06/12/2018,"17,00","17,00","17,00","17,00","137,34K","0,00%",17.0,17.0,17.0,17.0
07/12/2018,"18,00","18,00","18,00","18,00","100,57K","5,88%",18.0,18.0,18.0,18.0
10/12/2018,"18,00","18,00","18,00","18,00","52,86K","0,00%",18.0,18.0,18.0,18.0
11/12/2018,"18,00","18,00","18,00","18,00","35,05K","0,00%",18.0,18.0,18.0,18.0
12/12/2018,"18,00","18,00","18,00","18,00","63,50K","0,00%",18.0,18.0,18.0,18.0
13/12/2018,"18,00","18,00","18,00","18,00","1,58M","0,00%",18.0,18.0,18.0,18.0
14/12/2018,"18,00","18,00","18,00","18,00","117,00K","0,00%",18.0,18.0,18.0,18.0
17/12/2018,"18,00","18,00","18,00","18,00","100,60K","0,00%",18.0,18.0,18.0,18.0
18/12/2018,"18,00","18,00","18,00","18,00","68,81K","0,00%",18.0,18.0,18.0,18.0
19/12/2018,"18,00","18,00","18,00","18,00","24,50K","0,00%",18.0,18.0,18.0,18.0
20/12/2018,"17,00","17,00","17,00","17,00","36,18K","-5,56%",17.0,17.0,17.0,17.0
21/12/2018,"18,00","18,00","18,00","18,00","598,90K","5,88%",18.0,18.0,18.0,18.0
24/12/2018,"18,00","18,00","18,00","18,00","60,00K","0,00%",18.0,18.0,18.0,18.0
26/12/2018,"18,00","18,00","18,00","18,00","213,69K","0,00%",18.0,18.0,18.0,18.0
28/12/2018,"18,00","18,00","18,00","18,00","102,43K","0,00%",18.0,18.0,18.0,18.0
31/12/2018,"18,00","18,00","18,00","18,00","2,11K","0,00%",18.0,18.0,18.0,18.0
02/01/2019,"17,00","17,00","17,00","17,00","35,28K","-5,56%",17.0,17.0,17.0,17.0
04/01/2019,"18,00","18,00","18,00","18,00","3,00K","5,88%",18.0,18.0,18.0,18.0
07/01/2019,"17,00","17,00","17,00","17,00","48,58K","-5,56%",17.0,17.0,17.0,17.0
08/01/2019,"17,00","17,00","17,00","17,00","6,33K","0,00%",17.0,17.0,17.0,17.0
09/01/2019,"17,00","17,00","17,00","17,00","0,73K","0,00%",17.0,17.0,17.0,17.0
10/01/2019,"18,00","18,00","18,00","18,00","203,34K","5,88%",18.0,18.0,18.0,18.0
11/01/2019,"18,00","18,00","18,00","18,00","3,23K","0,00%",18.0,18.0,18.0,18.0
14/01/2019,"17,00","17,00","17,00","17,00","38,32K","-5,56%",17.0,17.0,17.0,17.0
15/01/2019,"17,00","17,00","17,00","17,00","40,89K","0,00%",17.0,17.0,17.0,17.0
16/01/2019,"17,00","17,00","17,00","17,00","43,00K","0,00%",17.0,17.0,17.0,17.0
17/01/2019,"18,00","18,00","18,00","18,00","389,73K","5,88%",18.0,18.0,18.0,18.0
18/01/2019,"18,00","18,00","18,00","18,00","3,75K","0,00%",18.0,18.0,18.0,18.0
21/01/2019,"18,00","18,00","18,00","18,00","22,11K","0,00%",18.0,18.0,18.0,18.0
23/01/2019,"17,00","17,00","17,00","17,00","106,00K","-5,56%",17.0,17.0,17.0,17.0
24/01/2019,"18,00","18,00","18,00","18,00","44,42K","5,88%",18.0,18.0,18.0,18.0
25/01/2019,"18,00","18,00","18,00","18,00","57,28K","0,00%",18.0,18.0,18.0,18.0
28/01/2019,"19,00","19,00","19,00","19,00","2,49K","5,56%",19.0,19.0,19.0,19.0
29/01/2019,"18,00","18,00","18,00","18,00","43,00K","-5,26%",18.0,18.0,18.0,18.0
30/01/2019,"18,00","18,00","18,00","18,00","31,03K","0,00%",18.0,18.0,18.0,18.0
31/01/2019,"19,00","19,00","19,00","19,00","30,78K","5,56%",19.0,19.0,19.0,19.0
01/02/2019,"19,00","19,00","19,00","19,00","8,78K","0,00%",19.0,19.0,19.0,19.0
04/02/2019,"19,00","19,00","19,00","19,00","0,02K","0,00%",19.0,19.0,19.0,19.0
05/02/2019,"19,00","19,00","19,00","19,00","1,04K","0,00%",19.0,19.0,19.0,19.0
06/02/2019,"18,00","18,00","18,00","18,00","7,51K","-5,26%",18.0,18.0,18.0,18.0
07/02/2019,"18,00","18,00","18,00","18,00","817,94K","0,00%",18.0,18.0,18.0,18.0
08/02/2019,"19,00","19,00","19,00","19,00","0,85K","5,56%",19.0,19.0,19.0,19.0
11/02/2019,"19,00","19,00","19,00","19,00","641,64K","0,00%",19.0,19.0,19.0,19.0
12/02/2019,"20,00","20,00","20,00","20,00","313,77K","5,26%",20.0,20.0,20.0,20.0
13/02/2019,"19,00","19,00","19,00","19,00","62,89K","-5,00%",19.0,19.0,19.0,19.0
14/02/2019,"19,00","19,00","19,00","19,00","638,54K","0,00%",19.0,19.0,19.0,19.0
15/02/2019,"19,00","19,00","19,00","19,00","386,92K","0,00%",19.0,19.0,19.0,19.0
18/02/2019,"19,00","19,00","19,00","19,00","234,22K","0,00%",19.0,19.0,19.0,19.0
19/02/2019,"19,00","19,00","19,00","19,00","16,15K","0,00%",19.0,19.0,19.0,19.0
20/02/2019,"19,00","19,00","19,00","19,00","343,86K","0,00%",19.0,19.0,19.0,19.0
21/02/2019,"19,00","19,00","19,00","19,00","161,91K","0,00%",19.0,19.0,19.0,19.0
22/02/2019,"19,00","19,00","19,00","19,00","159,70K","0,00%",19.0,19.0,19.0,19.0
25/02/2019,"20,00","20,00","20,00","20,00","53,56K","5,26%",20.0,20.0,20.0,20.0
27/02/2019,"19,00","19,00","19,00","19,00","55,15K","-5,00%",19.0,19.0,19.0,19.0
28/02/2019,"20,00","20,00","20,00","20,00","1,72K","5,26%",20.0,20.0,20.0,20.0
04/03/2019,"20,00","20,00","20,00","20,00","412,80K","0,00%",20.0,20.0,20.0,20.0
05/03/2019,"19,00","19,00","19,00","19,00","1,23M","-5,00%",19.0,19.0,19.0,19.0
06/03/2019,"19,00","19,00","19,00","19,00","418,26K","0,00%",19.0,19.0,19.0,19.0
07/03/2019,"19,00","19,00","19,00","19,00","53,64K","0,00%",19.0,19.0,19.0,19.0
08/03/2019,"20,00","20,00","20,00","20,00","48,00K","5,26%",20.0,20.0,20.0,20.0
11/03/2019,"19,00","19,00","19,00","19,00","45,00K","-5,00%",19.0,19.0,19.0,19.0
12/03/2019,"19,00","19,00","19,00","19,00","72,09K","0,00%",19.0,19.0,19.0,19.0
13/03/2019,"19,00","19,00","19,00","19,00","39,12K","0,00%",19.0,19.0,19.0,19.0
14/03/2019,"20,00","20,00","20,00","20,00","366,69K","5,26%",20.0,20.0,20.0,20.0
15/03/2019,"19,00","19,00","19,00","19,00","100,00K","-5,00%",19.0,19.0,19.0,19.0
18/03/2019,"20,00","20,00","20,00","20,00","61,86K","5,26%",20.0,20.0,20.0,20.0
19/03/2019,"20,00","20,00","20,00","20,00","2,24M","0,00%",20.0,20.0,20.0,20.0
20/03/2019,"21,00","21,00","21,00","21,00","32,83K","5,00%",21.0,21.0,21.0,21.0
21/03/2019,"20,00","20,00","20,00","20,00","48,54K","-4,76%",20.0,20.0,20.0,20.0
22/03/2019,"20,00","20,00","20,00","20,00","450,50K","0,00%",20.0,20.0,20.0,20.0
25/03/2019,"21,00","21,00","21,00","21,00","0,20K","5,00%",21.0,21.0,21.0,21.0
27/03/2019,"20,00","20,00","20,00","20,00","135,45K","-4,76%",20.0,20.0,20.0,20.0
28/03/2019,"20,00","20,00","20,00","20,00","135,23K","0,00%",20.0,20.0,20.0,20.0
29/03/2019,"19,00","19,00","19,00","19,00","758,21K","-5,00%",19.0,19.0,19.0,19.0
01/04/2019,"18,00","18,00","18,00","18,00","546,99K","-5,26%",18.0,18.0,18.0,18.0
02/04/2019,"18,00","18,00","18,00","18,00","79,26K","0,00%",18.0,18.0,18.0,18.0
03/04/2019,"17,00","17,00","17,00","17,00","14,14K","-5,56%",17.0,17.0,17.0,17.0
04/04/2019,"18,00","18,00","18,00","18,00","324,64K","5,88%",18.0,18.0,18.0,18.0
05/04/2019,"18,00","18,00","18,00","18,00","239,96K","0,00%",18.0,18.0,18.0,18.0
08/04/2019,"18,00","18,00","18,00","18,00","8,95K","0,00%",18.0,18.0,18.0,18.0
09/04/2019,"19,00","19,00","19,00","19,00","51,52K","5,56%",19.0,19.0,19.0,19.0
10/04/2019,"18,00","18,00","18,00","18,00","494,32K","-5,26%",18.0,18.0,18.0,18.0
11/04/2019,"18,00","18,00","18,00","18,00","3,51K","0,00%",18.0,18.0,18.0,18.0
12/04/2019,"19,00","19,00","19,00","19,00","50,30K","5,56%",19.0,19.0,19.0,19.0
15/04/2019,"18,00","18,00","18,00","18,00","19,54K","-5,26%",18.0,18.0,18.0,18.0
16/04/2019,"19,00","19,00","19,00","19,00","1,54K","5,56%",19.0,19.0,19.0,19.0
17/04/2019,"19,00","19,00","19,00","19,00","6,07K","0,00%",19.0,19.0,19.0,19.0
18/04/2019,"19,00","19,00","19,00","19,00","0,23K","0,00%",19.0,19.0,19.0,19.0
19/04/2019,"18,00","18,00","18,00","18,00","312,81K","-5,26%",18.0,18.0,18.0,18.0
23/04/2019,"19,00","19,00","19,00","19,00","101,87K","5,56%",19.0,19.0,19.0,19.0
24/04/2019,"19,00","19,00","19,00","19,00","414,27K","0,00%",19.0,19.0,19.0,19.0
25/04/2019,"18,00","18,00","18,00","18,00","19,17K","-5,26%",18.0,18.0,18.0,18.0
26/04/2019,"19,00","19,00","19,00","19,00","656,46K","5,56%",19.0,19.0,19.0,19.0
29/04/2019,"18,00","18,00","18,00","18,00","578,57K","-5,26%",18.0,18.0,18.0,18.0
30/04/2019,"18,00","18,00","18,00","18,00","442,54K","0,00%",18.0,18.0,18.0,18.0
02/05/2019,"18,00","18,00","18,00","18,00","64,88K","0,00%",18.0,18.0,18.0,18.0
03/05/2019,"18,00","18,00","18,00","18,00","18,24K","0,00%",18.0,18.0,18.0,18.0
06/05/2019,"18,00","18,00","18,00","18,00","9,88K","0,00%",18.0,18.0,18.0,18.0
07/05/2019,"17,00","17,00","17,00","17,00","61,95K","-5,56%",17.0,17.0,17.0,17.0
08/05/2019,"18,00","18,00","18,00","18,00","742,24K","5,88%",18.0,18.0,18.0,18.0
09/05/2019,"18,00","18,00","18,00","18,00","239,07K","0,00%",18.0,18.0,18.0,18.0
10/05/2019,"18,00","18,00","18,00","18,00","2,64K","0,00%",18.0,18.0,18.0,18.0
13/05/2019,"18,00","18,00","18,00","18,00","255,32K","0,00%",18.0,18.0,18.0,18.0
14/05/2019,"18,00","18,00","18,00","18,00","26,59K","0,00%",18.0,18.0,18.0,18.0
15/05/2019,"18,00","18,00","18,00","18,00","2,20K","0,00%",18.0,18.0,18.0,18.0
16/05/2019,"18,00","18,00","18,00","18,00","163,94K","0,00%",18.0,18.0,18.0,18.0
17/05/2019,"17,00","17,00","17,00","17,00","164,12K","-5,56%",17.0,17.0,17.0,17.0
20/05/2019,"17,00","17,00","17,00","17,00","18,36K","0,00%",17.0,17.0,17.0,17.0
21/05/2019,"18,00","18,00","18,00","18,00","4,76K","5,88%",18.0,18.0,18.0,18.0
22/05/2019,"17,00","17,00","17,00","17,00","277,20K","-5,56%",17.0,17.0,17.0,17.0
23/05/2019,"17,00","17,00","17,00","17,00","24,52K","0,00%",17.0,17.0,17.0,17.0
24/05/2019,"17,00","17,00","17,00","17,00","122,89K","0,00%",17.0,17.0,17.0,17.0
27/05/2019,"18,00","18,00","18,00","18,00","0,16K","5,88%",18.0,18.0,18.0,18.0
28/05/2019,"18,00","18,00","18,00","18,00","235,14K","0,00%",18.0,18.0,18.0,18.0
29/05/2019,"18,00","18,00","18,00","18,00","0,60K","0,00%",18.0,18.0,18.0,18.0
31/05/2019,"18,00","18,00","18,00","18,00","0,45K","0,00%",18.0,18.0,18.0,18.0
03/06/2019,"17,00","17,00","17,00","17,00","26,88K","-5,56%",17.0,17.0,17.0,17.0
05/06/2019,"17,00","17,00","17,00","17,00","171,82K","0,00%",17.0,17.0,17.0,17.0
06/06/2019,"17,00","17,00","17,00","17,00","39,22K","0,00%",17.0,17.0,17.0,17.0
07/06/2019,"18,00","18,00","18,00","18,00","57,29K","5,88%",18.0,18.0,18.0,18.0
11/06/2019,"17,00","17,00","17,00","17,00","392,15K","-5,56%",17.0,17.0,17.0,17.0
12/06/2019,"17,00","17,00","17,00","17,00","1,20M","0,00%",17.0,17.0,17.0,17.0
13/06/2019,"17,00","17,00","17,00","17,00","7,31K","0,00%",17.0,17.0,17.0,17.0
14/06/2019,"18,00","18,00","18,00","18,00","4,38K","5,88%",18.0,18.0,18.0,18.0
17/06/2019,"17,00","17,00","17,00","17,00","3,31K","-5,56%",17.0,17.0,17.0,17.0
18/06/2019,"17,00","17,00","17,00","17,00","289,15K","0,00%",17.0,17.0,17.0,17.0
19/06/2019,"17,00","17,00","17,00","17,00","109,35K","0,00%",17.0,17.0,17.0,17.0
20/06/2019,"17,00","17,00","17,00","17,00","1,86M","0,00%",17.0,17.0,17.0,17.0
21/06/2019,"17,00","17,00","17,00","17,00","108,57K","0,00%",17.0,17.0,17.0,17.0
24/06/2019,"17,00","17,00","17,00","17,00","522,71K","0,00%",17.0,17.0,17.0,17.0
25/06/2019,"16,00","16,00","16,00","16,00","119,72K","-5,88%",16.0,16.0,16.0,16.0
26/06/2019,"17,00","17,00","17,00","17,00","26,85K","6,25%",17.0,17.0,17.0,17.0
27/06/2019,"17,00","17,00","17,00","17,00","257,00K","0,00%",17.0,17.0,17.0,17.0
28/06/2019,"16,00","16,00","16,00","16,00","19,15K","-5,88%",16.0,16.0,16.0,16.0
01/07/2019,"17,00","17,00","17,00","17,00","34,67K","6,25%",17.0,17.0,17.0,17.0
02/07/2019,"17,00","17,00","17,00","17,00","4,00K","0,00%",17.0,17.0,17.0,17.0
03/07/2019,"17,00","17,00","17,00","17,00","0,88K","0,00%",17.0,17.0,17.0,17.0
04/07/2019,"17,00","17,00","17,00","17,00","20,37K","0,00%",17.0,17.0,17.0,17.0
05/07/2019,"17,00","17,00","17,00","17,00","49,07K","0,00%",17.0,17.0,17.0,17.0
08/07/2019,"17,00","17,00","17,00","17,00","11,95K","0,00%",17.0,17.0,17.0,17.0
09/07/2019,"17,00","17,00","17,00","17,00","2,76K","0,00%",17.0,17.0,17.0,17.0
10/07/2019,"17,00","17,00","17,00","17,00","4,13K","0,00%",17.0,17.0,17.0,17.0
11/07/2019,"17,00","17,00","17,00","17,00","3,94K","0,00%",17.0,17.0,17.0,17.0
12/07/2019,"17,00","17,00","17,00","17,00","2,48K","0,00%",17.0,17.0,17.0,17.0
15/07/2019,"17,00","17,00","17,00","17,00","38,33K","0,00%",17.0,17.0,17.0,17.0
16/07/2019,"17,00","17,00","17,00","17,00","26,16K","0,00%",17.0,17.0,17.0,17.0
17/07/2019,"17,00","17,00","17,00","17,00","4,52K","0,00%",17.0,17.0,17.0,17.0
18/07/2019,"18,00","18,00","18,00","18,00","15,20K","5,88%",18.0,18.0,18.0,18.0
19/07/2019,"19,00","19,00","19,00","19,00","500,10K","5,56%",19.0,19.0,19.0,19.0
22/07/2019,"18,00","18,00","18,00","18,00","2,58K","-5,26%",18.0,18.0,18.0,18.0
23/07/2019,"17,00","17,00","17,00","17,00","10,98K","-5,56%",17.0,17.0,17.0,17.0
25/07/2019,"17,00","17,00","17,00","17,00","105,87K","0,00%",17.0,17.0,17.0,17.0
26/07/2019,"17,00","17,00","17,00","17,00","163,21K","0,00%",17.0,17.0,17.0,17.0
29/07/2019,"17,00","17,00","17,00","17,00","6,21K","0,00%",17.0,17.0,17.0,17.0
30/07/2019,"17,00","17,00","17,00","17,00","10,03K","0,00%",17.0,17.0,17.0,17.0
31/07/2019,"18,00","18,00","18,00","18,00","861,55K","5,88%",18.0,18.0,18.0,18.0
01/08/2019,"17,00","17,00","17,00","17,00","1,32M","-5,56%",17.0,17.0,17.0,17.0
02/08/2019,"16,00","16,00","16,00","16,00","1,15M","-5,88%",16.0,16.0,16.0,16.0
05/08/2019,"16,00","16,00","16,00","16,00","1,29M","0,00%",16.0,16.0,16.0,16.0
06/08/2019,"16,00","16,00","16,00","16,00","1,00M","0,00%",16.0,16.0,16.0,16.0
08/08/2019,"16,00","16,00","16,00","16,00","1,10M","0,00%",16.0,16.0,16.0,16.0
09/08/2019,"17,00","17,00","17,00","17,00","144,36K","6,25%",17.0,17.0,17.0,17.0
13/08/2019,"16,00","16,00","16,00","16,00","1,88M","-5,88%",16.0,16.0,16.0,16.0
14/08/2019,"16,00","16,00","16,00","16,00","9,94K","0,00%",16.0,16.0,16.0,16.0
16/08/2019,"16,00","16,00","16,00","16,00","233,33K","0,00%",16.0,16.0,16.0,16.0
19/08/2019,"16,00","16,00","16,00","16,00","4,85M","0,00%",16.0,16.0,16.0,16.0
20/08/2019,"16,00","16,00","16,00","16,00","670,08K","0,00%",16.0,16.0,16.0,16.0
21/08/2019,"16,00","16,00","16,00","16,00","576,16K","0,00%",16.0,16.0,16.0,16.0
22/08/2019,"16,00","16,00","16,00","16,00","1,64M","0,00%",16.0,16.0,16.0,16.0
23/08/2019,"16,00","16,00","16,00","16,00","471,30K","0,00%",16.0,16.0,16.0,16.0
26/08/2019,"16,00","16,00","16,00","16,00","460,38K","0,00%",16.0,16.0,16.0,16.0
27/08/2019,"16,00","16,00","16,00","16,00","160,06K","0,00%",16.0,16.0,16.0,16.0
28/08/2019,"15,00","15,00","15,00","15,00","3,25M","-6,25%",15.0,15.0,15.0,15.0
29/08/2019,"16,00","16,00","16,00","16,00","166,92K","6,67%",16.0,16.0,16.0,16.0
30/08/2019,"16,00","16,00","16,00","16,00","33,09K","0,00%",16.0,16.0,16.0,16.0
02/09/2019,"15,00","15,00","15,00","15,00","24,62K","-6,25%",15.0,15.0,15.0,15.0
03/09/2019,"16,00","16,00","16,00","16,00","197,81K","6,67%",16.0,16.0,16.0,16.0
04/09/2019,"16,00","16,00","16,00","16,00","309,06K","0,00%",16.0,16.0,16.0,16.0
05/09/2019,"17,00","17,00","17,00","17,00","782,88K","6,25%",17.0,17.0,17.0,17.0
06/09/2019,"16,00","16,00","16,00","16,00","110,01K","-5,88%",16.0,16.0,16.0,16.0
09/09/2019,"16,00","16,00","16,00","16,00","90,32K","0,00%",16.0,16.0,16.0,16.0
10/09/2019,"16,00","16,00","16,00","16,00","174,68K","0,00%",16.0,16.0,16.0,16.0
11/09/2019,"16,00","16,00","16,00","16,00","317,77K","0,00%",16.0,16.0,16.0,16.0
12/09/2019,"15,00","15,00","15,00","15,00","77,14K","-6,25%",15.0,15.0,15.0,15.0
13/09/2019,"16,00","16,00","16,00","16,00","0,45K","6,67%",16.0,16.0,16.0,16.0
16/09/2019,"16,00","16,00","16,00","16,00","657,89K","0,00%",16.0,16.0,16.0,16.0
17/09/2019,"16,00","16,00","16,00","16,00","121,05K","0,00%",16.0,16.0,16.0,16.0
18/09/2019,"15,00","15,00","15,00","15,00","115,12K","-6,25%",15.0,15.0,15.0,15.0
19/09/2019,"15,00","15,00","15,00","15,00","426,22K","0,00%",15.0,15.0,15.0,15.0
20/09/2019,"16,00","16,00","16,00","16,00","23,47K","6,67%",16.0,16.0,16.0,16.0
23/09/2019,"16,00","16,00","16,00","16,00","39,52K","0,00%",16.0,16.0,16.0,16.0
24/09/2019,"15,00","15,00","15,00","15,00","19,74K","-6,25%",15.0,15.0,15.0,15.0
25/09/2019,"16,00","16,00","16,00","16,00","3,99K","6,67%",16.0,16.0,16.0,16.0
26/09/2019,"15,00","15,00","15,00","15,00","136,85K","-6,25%",15.0,15.0,15.0,15.0
27/09/2019,"16,00","16,00","16,00","16,00","110,05K","6,67%",16.0,16.0,16.0,16.0
30/09/2019,"16,00","16,00","16,00","16,00","4,65K","0,00%",16.0,16.0,16.0,16.0
01/10/2019,"16,00","16,00","16,00","16,00","31,00K","0,00%",16.0,16.0,16.0,16.0
02/10/2019,"16,00","16,00","16,00","16,00","74,65K","0,00%",16.0,16.0,16.0,16.0
03/10/2019,"16,00","16,00","16,00","16,00","20,77K","0,00%",16.0,16.0,16.0,16.0
04/10/2019,"16,00","16,00","16,00","16,00","9,53K","0,00%",16.0,16.0,16.0,16.0
07/10/2019,"16,00","16,00","16,00","16,00","13,60K","0,00%",16.0,16.0,16.0,16.0
08/10/2019,"15,00","15,00","15,00","15,00","15,25K","-6,25%",15.0,15.0,15.0,15.0
09/10/2019,"15,00","15,00","15,00","15,00","12,63K","0,00%",15.0,15.0,15.0,15.0
10/10/2019,"16,00","16,00","16,00","16,00","39,73K","6,67%",16.0,16.0,16.0,16.0
11/10/2019,"16,00","16,00","16,00","16,00","12,57K","0,00%",16.0,16.0,16.0,16.0
14/10/2019,"16,00","16,00","16,00","16,00","3,08K","0,00%",16.0,16.0,16.0,16.0
15/10/2019,"16,00","16,00","16,00","16,00","15,56K","0,00%",16.0,16.0,16.0,16.0
16/10/2019,"16,00","16,00","16,00","16,00","339,99K","0,00%",16.0,16.0,16.0,16.0
17/10/2019,"15,00","15,00","15,00","15,00","1,60K","-6,25%",15.0,15.0,15.0,15.0
18/10/2019,"16,00","16,00","16,00","16,00","112,92K","6,67%",16.0,16.0,16.0,16.0
21/10/2019,"16,00","16,00","16,00","16,00","22,80K","0,00%",16.0,16.0,16.0,16.0
22/10/2019,"16,00","16,00","16,00","16,00","162,86K","0,00%",16.0,16.0,16.0,16.0
23/10/2019,"16,00","16,00","16,00","16,00","47,31K","0,00%",16.0,16.0,16.0,16.0
24/10/2019,"16,00","16,00","16,00","16,00","1,66M","0,00%",16.0,16.0,16.0,16.0
25/10/2019,"16,00","16,00","16,00","16,00","0,51K","0,00%",16.0,16.0,16.0,16.0
28/10/2019,"15,00","15,00","15,00","15,00","261,59K","-6,25%",15.0,15.0,15.0,15.0
29/10/2019,"15,00","15,00","15,00","15,00","15,14K","0,00%",15.0,15.0,15.0,15.0
30/10/2019,"15,00","15,00","15,00","15,00","320,47K","0,00%",15.0,15.0,15.0,15.0
31/10/2019,"15,00","15,00","15,00","15,00","1,20K","0,00%",15.0,15.0,15.0,15.0
04/11/2019,"14,00","14,00","14,00","14,00","37,31K","-6,67%",14.0,14.0,14.0,14.0
05/11/2019,"14,00","14,00","14,00","14,00","33,75K","0,00%",14.0,14.0,14.0,14.0
06/11/2019,"15,00","15,00","15,00","15,00","305,63K","7,14%",15.0,15.0,15.0,15.0
07/11/2019,"15,00","15,00","15,00","15,00","2,27K","0,00%",15.0,15.0,15.0,15.0
08/11/2019,"15,00","15,00","15,00","15,00","460,80K","0,00%",15.0,15.0,15.0,15.0
11/11/2019,"15,00","15,00","15,00","15,00","1,58K","0,00%",15.0,15.0,15.0,15.0
12/11/2019,"15,00","15,00","15,00","15,00","82,33K","0,00%",15.0,15.0,15.0,15.0
13/11/2019,"14,00","14,00","14,00","14,00","40,57K","-6,67%",14.0,14.0,14.0,14.0
14/11/2019,"15,00","15,00","15,00","15,00","3,03K","7,14%",15.0,15.0,15.0,15.0
18/11/2019,"15,00","15,00","15,00","15,00","603,35K","0,00%",15.0,15.0,15.0,15.0
19/11/2019,"15,00","15,00","15,00","15,00","210,41K","0,00%",15.0,15.0,15.0,15.0
20/11/2019,"15,00","15,00","15,00","15,00","0,29K","0,00%",15.0,15.0,15.0,15.0
21/11/2019,"14,00","14,00","14,00","14,00","10,13K","-6,67%",14.0,14.0,14.0,14.0
22/11/2019,"15,00","15,00","15,00","15,00","28,75K","7,14%",15.0,15.0,15.0,15.0
25/11/2019,"15,00","15,00","15,00","15,00","0,17K","0,00%",15.0,15.0,15.0,15.0
26/11/2019,"15,00","15,00","15,00","15,00","0,98K","0,00%",15.0,15.0,15.0,15.0
27/11/2019,"15,00","15,00","15,00","15,00","70,93K","0,00%",15.0,15.0,15.0,15.0
28/11/2019,"14,00","14,00","14,00","14,00","2,65K","-6,67%",14.0,14.0,14.0,14.0
29/11/2019,"14,00","14,00","14,00","14,00","39,40K","0,00%",14.0,14.0,14.0,14.0
02/12/2019,"14,00","14,00","14,00","14,00","15,19K","0,00%",14.0,14.0,14.0,14.0
03/12/2019,"13,00","13,00","13,00","13,00","26,82K","-7,14%",13.0,13.0,13.0,13.0
04/12/2019,"14,00","14,00","14,00","14,00","25,99K","7,69%",14.0,14.0,14.0,14.0
05/12/2019,"13,00","13,00","13,00","13,00","114,02K","-7,14%",13.0,13.0,13.0,13.0
06/12/2019,"14,00","14,00","14,00","14,00","11,50K","7,69%",14.0,14.0,14.0,14.0
09/12/2019,"13,00","13,00","13,00","13,00","117,72K","-7,14%",13.0,13.0,13.0,13.0
10/12/2019,"13,00","13,00","13,00","13,00","60,79K","0,00%",13.0,13.0,13.0,13.0
11/12/2019,"14,00","14,00","14,00","14,00","197,48K","7,69%",14.0,14.0,14.0,14.0
12/12/2019,"13,00","13,00","13,00","13,00","196,74K","-7,14%",13.0,13.0,13.0,13.0
13/12/2019,"13,00","13,00","13,00","13,00","178,01K","0,00%",13.0,13.0,13.0,13.0
16/12/2019,"13,00","13,00","13,00","13,00","7,57K","0,00%",13.0,13.0,13.0,13.0
17/12/2019,"13,00","13,00","13,00","13,00","106,10K","0,00%",13.0,13.0,13.0,13.0
18/12/2019,"13,00","13,00","13,00","13,00","129,37K","0,00%",13.0,13.0,13.0,13.0
19/12/2019,"13,00","13,00","13,00","13,00","21,42K","0,00%",13.0,13.0,13.0,13.0
20/12/2019,"13,00","13,00","13,00","13,00","2,76K","0,00%",13.0,13.0,13.0,13.0
23/12/2019,"13,00","13,00","13,00","13,00","245,11K","0,00%",13.0,13.0,13.0,13.0
24/12/2019,"14,00","14,00","14,00","14,00","78,49K","7,69%",14.0,14.0,14.0,14.0
26/12/2019,"14,00","14,00","14,00","14,00","522,49K","0,00%",14.0,14.0,14.0,14.0
27/12/2019,"14,00","14,00","14,00","14,00","25,24K","0,00%",14.0,14.0,14.0,14.0
30/12/2019,"14,00","14,00","14,00","14,00","74,27K","0,00%",14.0,14.0,14.0,14.0
31/12/2019,"14,00","14,00","14,00","14,00","0,15K","0,00%",14.0,14.0,14.0,14.0
02/01/2020,"14,00","14,00","14,00","14,00","0,30K","0,00%",14.0,14.0,14.0,14.0
03/01/2020,"14,00","14,00","14,00","14,00","11,90K","0,00%",14.0,14.0,14.0,14.0
06/01/2020,"14,00","14,00","14,00","14,00","675,55K","0,00%",14.0,14.0,14.0,14.0
07/01/2020,"13,00","13,00","13,00","13,00","1,43M","-7,14%",13.0,13.0,13.0,13.0
08/01/2020,"14,00","14,00","14,00","14,00","213,15K","7,69%",14.0,14.0,14.0,14.0
09/01/2020,"14,00","14,00","14,00","14,00","10,95K","0,00%",14.0,14.0,14.0,14.0
10/01/2020,"13,00","13,00","13,00","13,00","121,63K","-7,14%",13.0,13.0,13.0,13.0
13/01/2020,"13,00","13,00","13,00","13,00","141,28K","0,00%",13.0,13.0,13.0,13.0
14/01/2020,"13,00","13,00","13,00","13,00","76,39K","0,00%",13.0,13.0,13.0,13.0
15/01/2020,"14,00","14,00","14,00","14,00","26,78K","7,69%",14.0,14.0,14.0,14.0
16/01/2020,"13,00","13,00","13,00","13,00","0,86K","-7,14%",13.0,13.0,13.0,13.0
17/01/2020,"14,00","14,00","14,00","14,00","8,63K","7,69%",14.0,14.0,14.0,14.0
20/01/2020,"14,00","14,00","14,00","14,00","397,76K","0,00%",14.0,14.0,14.0,14.0
21/01/2020,"13,00","13,00","13,00","13,00","14,50K","-7,14%",13.0,13.0,13.0,13.0
22/01/2020,"13,00","13,00","13,00","13,00","26,00K","0,00%",13.0,13.0,13.0,13.0
23/01/2020,"13,00","13,00","13,00","13,00","111,45K","0,00%",13.0,13.0,13.0,13.0
24/01/2020,"14,00","14,00","14,00","14,00","4,82K","7,69%",14.0,14.0,14.0,14.0
27/01/2020,"13,00","13,00","13,00","13,00","1,07M","-7,14%",13.0,13.0,13.0,13.0
28/01/2020,"13,00","13,00","13,00","13,00","24,21K","0,00%",13.0,13.0,13.0,13.0
29/01/2020,"13,00","13,00","13,00","13,00","10,00M","0,00%",13.0,13.0,13.0,13.0
30/01/2020,"13,00","13,00","13,00","13,00","108,49K","0,00%",13.0,13.0,13.0,13.0
31/01/2020,"13,00","13,00","13,00","13,00","444,76K","0,00%",13.0,13.0,13.0,13.0
03/02/2020,"13,00","13,00","13,00","13,00","135,43K","0,00%",13.0,13.0,13.0,13.0
04/02/2020,"13,00","13,00","13,00","13,00","1,65M","0,00%",13.0,13.0,13.0,13.0
05/02/2020,"13,00","13,00","13,00","13,00","256,22K","0,00%",13.0,13.0,13.0,13.0
06/02/2020,"13,00","13,00","13,00","13,00","165,16K","0,00%",13.0,13.0,13.0,13.0
07/02/2020,"13,00","13,00","13,00","13,00","55,50K","0,00%",13.0,13.0,13.0,13.0
10/02/2020,"13,00","13,00","13,00","13,00","11,33K","0,00%",13.0,13.0,13.0,13.0
11/02/2020,"13,00","13,00","13,00","13,00","77,62K","0,00%",13.0,13.0,13.0,13.0
12/02/2020,"13,00","13,00","13,00","13,00","28,25K","0,00%",13.0,13.0,13.0,13.0
13/02/2020,"13,00","13,00","13,00","13,00","237,70K","0,00%",13.0,13.0,13.0,13.0
14/02/2020,"13,00","13,00","13,00","13,00","49,50K","0,00%",13.0,13.0,13.0,13.0
17/02/2020,"13,00","13,00","13,00","13,00","190,72K","0,00%",13.0,13.0,13.0,13.0
18/02/2020,"13,00","13,00","13,00","13,00","250,10K","0,00%",13.0,13.0,13.0,13.0
19/02/2020,"13,00","13,00","13,00","13,00","25,16K","0,00%",13.0,13.0,13.0,13.0
20/02/2020,"13,00","13,00","13,00","13,00","10,10K","0,00%",13.0,13.0,13.0,13.0
21/02/2020,"13,00","13,00","13,00","13,00","253,57K","0,00%",13.0,13.0,13.0,13.0
24/02/2020,"13,00","13,00","13,00","13,00","7,25K","0,00%",13.0,13.0,13.0,13.0
25/02/2020,"13,00","13,00","13,00","13,00","12,60K","0,00%",13.0,13.0,13.0,13.0
26/02/2020,"13,00","13,00","13,00","13,00","120,00K","0,00%",13.0,13.0,13.0,13.0
27/02/2020,"13,00","13,00","13,00","13,00","311,00K","0,00%",13.0,13.0,13.0,13.0
28/02/2020,"13,00","13,00","13,00","13,00","4,09K","0,00%",13.0,13.0,13.0,13.0
02/03/2020,"13,00","13,00","13,00","13,00","5,00K","0,00%",13.0,13.0,13.0,13.0
03/03/2020,"13,00","13,00","13,00","13,00","57,64K","0,00%",13.0,13.0,13.0,13.0
04/03/2020,"13,00","13,00","13,00","13,00","10,98K","0,00%",13.0,13.0,13.0,13.0
05/03/2020,"13,00","13,00","13,00","13,00","1,00K","0,00%",13.0,13.0,13.0,13.0
06/03/2020,"13,00","13,00","13,00","13,00","952,47K","0,00%",13.0,13.0,13.0,13.0
09/03/2020,"13,00","13,00","13,00","13,00","4,00K","0,00%",13.0,13.0,13.0,13.0
10/03/2020,"13,00","13,00","13,00","13,00","271,07K","0,00%",13.0,13.0,13.0,13.0
12/03/2020,"13,00","13,00","13,00","13,00","61,75K","0,00%",13.0,13.0,13.0,13.0
13/03/2020,"13,00","13,00","13,00","13,00","105,50K","0,00%",13.0,13.0,13.0,13.0
16/03/2020,"13,00","13,00","13,00","13,00","88,27K","0,00%",13.0,13.0,13.0,13.0
17/03/2020,"13,00","13,00","13,00","13,00","332,62K","0,00%",13.0,13.0,13.0,13.0
18/03/2020,"13,00","13,00","13,00","13,00","9,51K","0,00%",13.0,13.0,13.0,13.0
19/03/2020,"13,00","13,00","13,00","13,00","514,95K","0,00%",13.0,13.0,13.0,13.0
23/03/2020,"13,00","13,00","13,00","13,00","0,51K","0,00%",13.0,13.0,13.0,13.0
24/03/2020,"13,00","13,00","13,00","13,00","10,79K","0,00%",13.0,13.0,13.0,13.0
25/03/2020,"13,00","13,00","13,00","13,00","277,03K","0,00%",13.0,13.0,13.0,13.0
26/03/2020,"13,00","13,00","13,00","13,00","0,23K","0,00%",13.0,13.0,13.0,13.0
27/03/2020,"13,00","13,00","13,00","13,00","77,15K","0,00%",13.0,13.0,13.0,13.0
30/03/2020,"13,00","13,00","13,00","13,00","7,50K","0,00%",13.0,13.0,13.0,13.0
31/03/2020,"13,00","13,00","13,00","13,00","69,18K","0,00%",13.0,13.0,13.0,13.0
01/04/2020,"13,00","13,00","13,00","13,00","95,00K","0,00%",13.0,13.0,13.0,13.0
02/04/2020,"13,00","13,00","13,00","13,00","0,06K","0,00%",13.0,13.0,13.0,13.0
03/04/2020,"13,00","13,00","13,00","13,00","25,98K","0,00%",13.0,13.0,13.0,13.0
06/04/2020,"13,00","13,00","13,00","13,00","0,19K","0,00%",13.0,13.0,13.0,13.0
07/04/2020,"13,00","13,00","13,00","13,00","1,11K","0,00%",13.0,13.0,13.0,13.0
08/04/2020,"13,00","13,00","13,00","13,00","0,43K","0,00%",13.0,13.0,13.0,13.0
09/04/2020,"13,00","13,00","13,00","13,00","17,11K","0,00%",13.0,13.0,13.0,13.0
10/04/2020,"13,00","13,00","13,00","13,00","3,81K","0,00%",13.0,13.0,13.0,13.0
14/04/2020,"13,00","13,00","13,00","13,00","9,00K","0,00%",13.0,13.0,13.0,13.0
15/04/2020,"13,00","13,00","13,00","13,00","75,06K","0,00%",13.0,13.0,13.0,13.0
16/04/2020,"13,00","13,00","13,00","13,00","4,85K","0,00%",13.0,13.0,13.0,13.0
17/04/2020,"13,00","13,00","13,00","13,00","7,00K","0,00%",13.0,13.0,13.0,13.0
20/04/2020,"13,00","13,00","13,00","13,00","50,00K","0,00%",13.0,13.0,13.0,13.0
22/04/2020,"13,00","13,00","13,00","13,00","204,09K","0,00%",13.0,13.0,13.0,13.0
23/04/2020,"13,00","13,00","13,00","13,00","18,30K","0,00%",13.0,13.0,13.0,13.0
24/04/2020,"13,00","13,00","13,00","13,00","92,03K","0,00%",13.0,13.0,13.0,13.0
27/04/2020,"13,00","13,00","13,00","13,00","0,50K","0,00%",13.0,13.0,13.0,13.0
28/04/2020,"13,00","13,00","13,00","13,00","0,30K","0,00%",13.0,13.0,13.0,13.0
29/04/2020,"13,00","13,00","13,00","13,00","22,97K","0,00%",13.0,13.0,13.0,13.0
30/04/2020,"13,00","13,00","13,00","13,00","0,24K","0,00%",13.0,13.0,13.0,13.0
04/05/2020,"13,00","13,00","13,00","13,00","10,00K","0,00%",13.0,13.0,13.0,13.0
05/05/2020,"13,00","13,00","13,00","13,00","13,30K","0,00%",13.0,13.0,13.0,13.0
06/05/2020,"13,00","13,00","13,00","13,00","6,33K","0,00%",13.0,13.0,13.0,13.0
07/05/2020,"13,00","13,00","13,00","13,00","43,25K","0,00%",13.0,13.0,13.0,13.0
08/05/2020,"13,00","13,00","13,00","13,00","0,93K","0,00%",13.0,13.0,13.0,13.0
12/05/2020,"13,00","13,00","13,00","13,00","60,88K","0,00%",13.0,13.0,13.0,13.0
13/05/2020,"13,00","13,00","13,00","13,00","0,64K","0,00%",13.0,13.0,13.0,13.0
14/05/2020,"13,00","13,00","13,00","13,00","8,00K","0,00%",13.0,13.0,13.0,13.0
15/05/2020,"13,00","13,00","13,00","13,00","66,99K","0,00%",13.0,13.0,13.0,13.0
19/05/2020,"13,00","13,00","13,00","13,00","1,70K","0,00%",13.0,13.0,13.0,13.0
22/05/2020,"13,00","13,00","13,00","13,00","101,44K","0,00%",13.0,13.0,13.0,13.0
25/05/2020,"13,00","13,00","13,00","13,00","0,99K","0,00%",13.0,13.0,13.0,13.0
26/05/2020,"13,00","13,00","13,00","13,00","9,46K","0,00%",13.0,13.0,13.0,13.0
27/05/2020,"13,00","13,00","13,00","13,00","1,00K","0,00%",13.0,13.0,13.0,13.0
28/05/2020,"13,00","13,00","13,00","13,00","10,00K","0,00%",13.0,13.0,13.0,13.0
29/05/2020,"13,00","13,00","13,00","13,00","13,40K","0,00%",13.0,13.0,13.0,13.0
02/06/2020,"13,00","13,00","13,00","13,00","6,20K","0,00%",13.0,13.0,13.0,13.0
03/06/2020,"13,00","13,00","13,00","13,00","10,15K","0,00%",13.0,13.0,13.0,13.0
04/06/2020,"13,00","13,00","13,00","13,00","14,09K","0,00%",13.0,13.0,13.0,13.0
05/06/2020,"13,00","13,00","13,00","13,00","3,56K","0,00%",13.0,13.0,13.0,13.0
08/06/2020,"13,00","13,00","13,00","13,00","3,01K","0,00%",13.0,13.0,13.0,13.0
09/06/2020,"13,00","13,00","13,00","13,00","10,45K","0,00%",13.0,13.0,13.0,13.0
10/06/2020,"13,00","13,00","13,00","13,00","7,74K","0,00%",13.0,13.0,13.0,13.0
11/06/2020,"13,00","13,00","13,00","13,00","2,16K","0,00%",13.0,13.0,13.0,13.0
12/06/2020,"13,00","13,00","13,00","13,00","10,90K","0,00%",13.0,13.0,13.0,13.0
15/06/2020,"13,00","13,00","13,00","13,00","18,08K","0,00%",13.0,13.0,13.0,13.0
16/06/2020,"13,00","13,00","13,00","13,00","3,20K","0,00%",13.0,13.0,13.0,13.0
17/06/2020,"13,00","13,00","13,00","13,00","2,75K","0,00%",13.0,13.0,13.0,13.0
18/06/2020,"13,00","13,00","13,00","13,00","5,10K","0,00%",13.0,13.0,13.0,13.0
19/06/2020,"13,00","13,00","13,00","13,00","11,15K","0,00%",13.0,13.0,13.0,13.0
22/06/2020,"13,00","13,00","13,00","13,00","5,50K","0,00%",13.0,13.0,13.0,13.0
23/06/2020,"13,00","13,00","13,00","13,00","22,22K","0,00%",13.0,13.0,13.0,13.0
24/06/2020,"13,00","13,00","13,00","13,00","1,63K","0,00%",13.0,13.0,13.0,13.0
25/06/2020,"13,00","13,00","13,00","13,00","0,05K","0,00%",13.0,13.0,13.0,13.0
26/06/2020,"13,00","13,00","13,00","13,00","0,19K","0,00%",13.0,13.0,13.0,13.0
29/06/2020,"13,00","13,00","13,00","13,00","3,00K","0,00%",13.0,13.0,13.0,13.0
30/06/2020,"13,00","13,00","13,00","13,00","2,65K","0,00%",13.0,13.0,13.0,13.0
01/07/2020,"13,00","13,00","13,00","13,00","11,28K","0,00%",13.0,13.0,13.0,13.0
02/07/2020,"13,00","13,00","13,00","13,00","0,10K","0,00%",13.0,13.0,13.0,13.0
03/07/2020,"13,00","13,00","13,00","13,00","10,31K","0,00%",13.0,13.0,13.0,13.0
06/07/2020,"13,00","13,00","13,00","13,00","7,00K","0,00%",13.0,13.0,13.0,13.0
07/07/2020,"13,00","13,00","13,00","13,00","8,60K","0,00%",13.0,13.0,13.0,13.0
08/07/2020,"13,00","13,00","13,00","13,00","2,77K","0,00%",13.0,13.0,13.0,13.0
10/07/2020,"13,00","13,00","13,00","13,00","12,27K","0,00%",13.0,13.0,13.0,13.0
13/07/2020,"13,00","13,00","13,00","13,00","1,16K","0,00%",13.0,13.0,13.0,13.0
14/07/2020,"13,00","13,00","13,00","13,00","1,00K","0,00%",13.0,13.0,13.0,13.0
15/07/2020,"13,00","13,00","13,00","13,00","0,21K","0,00%",13.0,13.0,13.0,13.0
17/07/2020,"13,00","13,00","13,00","13,00","2,80K","0,00%",13.0,13.0,13.0,13.0
20/07/2020,"13,00","13,00","13,00","13,00","1,19K","0,00%",13.0,13.0,13.0,13.0
22/07/2020,"13,00","13,00","13,00","13,00","3,46K","0,00%",13.0,13.0,13.0,13.0
24/07/2020,"13,00","13,00","13,00","13,00","2,03K","0,00%",13.0,13.0,13.0,13.0
27/07/2020,"13,00","13,00","13,00","13,00","6,09K","0,00%",13.0,13.0,13.0,13.0
28/07/2020,"13,00","13,00","13,00","13,00","1,50K","0,00%",13.0,13.0,13.0,13.0
29/07/2020,"13,00","13,00","13,00","13,00","1,30K","0,00%",13.0,13.0,13.0,13.0
03/08/2020,"13,00","13,00","13,00","13,00","20,21K","0,00%",13.0,13.0,13.0,13.0
04/08/2020,"13,00","13,00","13,00","13,00","110,00K","0,00%",13.0,13.0,13.0,13.0
05/08/2020,"13,00","13,00","13,00","13,00","0,64K","0,00%",13.0,13.0,13.0,13.0
06/08/2020,"13,00","13,00","13,00","13,00","11,01K","0,00%",13.0,13.0,13.0,13.0
10/08/2020,"13,00","13,00","13,00","13,00","2,59K","0,00%",13.0,13.0,13.0,13.0
12/08/2020,"13,00","13,00","13,00","13,00","150,50K","0,00%",13.0,13.0,13.0,13.0
13/08/2020,"13,00","13,00","13,00","13,00","6,15K","0,00%",13.0,13.0,13.0,13.0
14/08/2020,"13,00","13,00","13,00","13,00","6,04K","0,00%",13.0,13.0,13.0,13.0
18/08/2020,"13,00","13,00","13,00","13,00","1,68K","0,00%",13.0,13.0,13.0,13.0
19/08/2020,"13,00","13,00","13,00","13,00","1,00K","0,00%",13.0,13.0,13.0,13.0
20/08/2020,"13,00","13,00","13,00","13,00","5,35K","0,00%",13.0,13.0,13.0,13.0
24/08/2020,"13,00","13,00","13,00","13,00","5,54K","0,00%",13.0,13.0,13.0,13.0
25/08/2020,"13,00","13,00","13,00","13,00","36,00K","0,00%",13.0,13.0,13.0,13.0
26/08/2020,"13,00","13,00","13,00","13,00","3,80K","0,00%",13.0,13.0,13.0,13.0
27/08/2020,"13,00","13,00","13,00","13,00","0,97K","0,00%",13.0,13.0,13.0,13.0
28/08/2020,"13,00","13,00","13,00","13,00","5,00K","0,00%",13.0,13.0,13.0,13.0
01/09/2020,"13,00","13,00","13,00","13,00","54,50K","0,00%",13.0,13.0,13.0,13.0
02/09/2020,"13,00","13,00","13,00","13,00","1,00K","0,00%",13.0,13.0,13.0,13.0
03/09/2020,"13,00","13,00","13,00","13,00","0,22K","0,00%",13.0,13.0,13.0,13.0
04/09/2020,"13,00","13,00","13,00","13,00","6,40K","0,00%",13.0,13.0,13.0,13.0
07/09/2020,"13,00","13,00","13,00","13,00","0,90K","0,00%",13.0,13.0,13.0,13.0
08/09/2020,"13,00","13,00","13,00","13,00","0,16K","0,00%",13.0,13.0,13.0,13.0
09/09/2020,"13,00","13,00","13,00","13,00","9,65K","0,00%",13.0,13.0,13.0,13.0
11/09/2020,"13,00","13,00","13,00","13,00","0,10K","0,00%",13.0,13.0,13.0,13.0
15/09/2020,"13,00","13,00","13,00","13,00","0,01K","0,00%",13.0,13.0,13.0,13.0
16/09/2020,"13,00","13,00","13,00","13,00","1,53K","0,00%",13.0,13.0,13.0,13.0
17/09/2020,"13,00","13,00","13,00","13,00","320,55K","0,00%",13.0,13.0,13.0,13.0
18/09/2020,"13,00","13,00","13,00","13,00","26,51K","0,00%",13.0,13.0,13.0,13.0
21/09/2020,"13,00","13,00","13,00","13,00","0,12K","0,00%",13.0,13.0,13.0,13.0
24/09/2020,"13,00","13,00","13,00","13,00","150,08K","0,00%",13.0,13.0,13.0,13.0
25/09/2020,"13,00","13,00","13,00","13,00","0,70K","0,00%",13.0,13.0,13.0,13.0
30/09/2020,"13,00","13,00","13,00","13,00","5,94K","0,00%",13.0,13.0,13.0,13.0
01/10/2020,"13,00","13,00","13,00","13,00","0,15K","0,00%",13.0,13.0,13.0,13.0
02/10/2020,"13,00","13,00","13,00","13,00","5,00K","0,00%",13.0,13.0,13.0,13.0
05/10/2020,"13,00","13,00","13,00","13,00","0,30K","0,00%",13.0,13.0,13.0,13.0
06/10/2020,"13,00","13,00","13,00","13,00","0,11K","0,00%",13.0,13.0,13.0,13.0
07/10/2020,"13,00","13,00","13,00","13,00","0,15K","0,00%",13.0,13.0,13.0,13.0
08/10/2020,"13,00","13,00","13,00","13,00","5,00K","0,00%",13.0,13.0,13.0,13.0
12/10/2020,"13,00","13,00","13,00","13,00","1,98K","0,00%",13.0,13.0,13.0,13.0
13/10/2020,"13,00","13,00","13,00","13,00","2,60K","0,00%",13.0,13.0,13.0,13.0
14/10/2020,"13,00","13,00","13,00","13,00","1,00K","0,00%",13.0,13.0,13.0,13.0
16/10/2020,"13,00","13,00","13,00","13,00","0,25K","0,00%",13.0,13.0,13.0,13.0
20/10/2020,"13,00","13,00","13,00","13,00","3,12K","0,00%",13.0,13.0,13.0,13.0
23/10/2020,"13,00","13,00","13,00","13,00","0,80K","0,00%",13.0,13.0,13.0,13.0
26/10/2020,"13,00","13,00","13,00","13,00","1,41K","0,00%",13.0,13.0,13.0,13.0
27/10/2020,"13,00","13,00","13,00","13,00","5,00K","0,00%",13.0,13.0,13.0,13.0
28/10/2020,"13,00","13,00","13,00","13,00","6,41K","0,00%",13.0,13.0,13.0,13.0
30/10/2020,"13,00","13,00","13,00","13,00","20,10K","0,00%",13.0,13.0,13.0,13.0
02/11/2020,"13,00","13,00","13,00","13,00","9,18K","0,00%",13.0,13.0,13.0,13.0
03/11/2020,"13,00","13,00","13,00","13,00","5,00K","0,00%",13.0,13.0,13.0,13.0
04/11/2020,"13,00","13,00","13,00","13,00","5,00K","0,00%",13.0,13.0,13.0,13.0
05/11/2020,"13,00","13,00","13,00","13,00","127,45K","0,00%",13.0,13.0,13.0,13.0
06/11/2020,"13,00","13,00","13,00","13,00","6,99K","0,00%",13.0,13.0,13.0,13.0
09/11/2020,"13,00","13,00","13,00","13,00","13,41K","0,00%",13.0,13.0,13.0,13.0
10/11/2020,"13,00","13,00","13,00","13,00","11,57K","0,00%",13.0,13.0,13.0,13.0
11/11/2020,"13,00","13,00","13,00","13,00","0,65K","0,00%",13.0,13.0,13.0,13.0
12/11/2020,"13,00","13,00","13,00","13,00","8,35K","0,00%",13.0,13.0,13.0,13.0
13/11/2020,"13,00","13,00","13,00","13,00","5,11K","0,00%",13.0,13.0,13.0,13.0
16/11/2020,"13,00","13,00","13,00","13,00","1,40K","0,00%",13.0,13.0,13.0,13.0
17/11/2020,"13,00","13,00","13,00","13,00","2,01K","0,00%",13.0,13.0,13.0,13.0
18/11/2020,"13,00","13,00","13,00","13,00","9,10K","0,00%",13.0,13.0,13.0,13.0
19/11/2020,"13,00","13,00","13,00","13,00","70,36K","0,00%",13.0,13.0,13.0,13.0
20/11/2020,"13,00","13,00","13,00","13,00","1,22K","0,00%",13.0,13.0,13.0,13.0
23/11/2020,"13,00","13,00","13,00","13,00","108,64K","0,00%",13.0,13.0,13.0,13.0
24/11/2020,"13,00","13,00","13,00","13,00","12,48K","0,00%",13.0,13.0,13.0,13.0
25/11/2020,"13,00","13,00","13,00","13,00","4,89K","0,00%",13.0,13.0,13.0,13.0
26/11/2020,"13,00","13,00","13,00","13,00","0,54K","0,00%",13.0,13.0,13.0,13.0
27/11/2020,"13,00","13,00","13,00","13,00","0,49K","0,00%",13.0,13.0,13.0,13.0
30/11/2020,"13,00","13,00","13,00","13,00","0,93K","0,00%",13.0,13.0,13.0,13.0
01/12/2020,"13,00","13,00","13,00","13,00","5,57K","0,00%",13.0,13.0,13.0,13.0
03/12/2020,"13,00","13,00","13,00","13,00","5,11K","0,00%",13.0,13.0,13.0,13.0
08/12/2020,"13,00","13,00","13,00","13,00","0,20K","0,00%",13.0,13.0,13.0,13.0
09/12/2020,"13,00","13,00","13,00","13,00","0,09K","0,00%",13.0,13.0,13.0,13.0
10/12/2020,"13,00","13,00","13,00","13,00","0,61K","0,00%",13.0,13.0,13.0,13.0
11/12/2020,"13,00","13,00","13,00","13,00","3,31K","0,00%",13.0,13.0,13.0,13.0
14/12/2020,"13,00","13,00","13,00","13,00","6,31K","0,00%",13.0,13.0,13.0,13.0
15/12/2020,"13,00","13,00","13,00","13,00","3,51K","0,00%",13.0,13.0,13.0,13.0
16/12/2020,"13,00","13,00","13,00","13,00","1,02K","0,00%",13.0,13.0,13.0,13.0
17/12/2020,"13,00","13,00","13,00","13,00","2,87K","0,00%",13.0,13.0,13.0,13.0
18/12/2020,"13,00","13,00","13,00","13,00","0,52K","0,00%",13.0,13.0,13.0,13.0
21/12/2020,"13,00","13,00","13,00","13,00","1,72K","0,00%",13.0,13.0,13.0,13.0
22/12/2020,"13,00","13,00","13,00","13,00","10,17K","0,00%",13.0,13.0,13.0,13.0
23/12/2020,"13,00","13,00","13,00","13,00","2,10K","0,00%",13.0,13.0,13.0,13.0
24/12/2020,"13,00","13,00","13,00","13,00","0,56K","0,00%",13.0,13.0,13.0,13.0
28/12/2020,"13,00","13,00","13,00","13,00","1,00K","0,00%",13.0,13.0,13.0,13.0
29/12/2020,"13,00","13,00","13,00","13,00","7,89K","0,00%",13.0,13.0,13.0,13.0
30/12/2020,"13,00","13,00","13,00","13,00","2,46K","0,00%",13.0,13.0,13.0,13.0
04/01/2021,"13,00","13,00","13,00","13,00","1,40K","0,00%",13.0,13.0,13.0,13.0
05/01/2021,"13,00","13,00","13,00","13,00","23,95K","0,00%",13.0,13.0,13.0,13.0
06/01/2021,"13,00","13,00","13,00","13,00","0,09K","0,00%",13.0,13.0,13.0,13.0
07/01/2021,"13,00","13,00","13,00","13,00","7,22K","0,00%",13.0,13.0,13.0,13.0
08/01/2021,"13,00","13,00","13,00","13,00","0,50K","0,00%",13.0,13.0,13.0,13.0
11/01/2021,"13,00","13,00","13,00","13,00","1,12K","0,00%",13.0,13.0,13.0,13.0
12/01/2021,"13,00","13,00","13,00","13,00","1,25K","0,00%",13.0,13.0,13.0,13.0
13/01/2021,"13,00","13,00","13,00","13,00","0,40K","0,00%",13.0,13.0,13.0,13.0
14/01/2021,"13,00","13,00","13,00","13,00","0,56K","0,00%",13.0,13.0,13.0,13.0
15/01/2021,"13,00","13,00","13,00","13,00","5,35K","0,00%",13.0,13.0,13.0,13.0
18/01/2021,"13,00","13,00","13,00","13,00","3,39K","0,00%",13.0,13.0,13.0,13.0
19/01/2021,"13,00","13,00","13,00","13,00","18,84K","0,00%",13.0,13.0,13.0,13.0
20/01/2021,"13,00","13,00","13,00","13,00","5,10K","0,00%",13.0,13.0,13.0,13.0
21/01/2021,"13,00","13,00","13,00","13,00","269,49K","0,00%",13.0,13.0,13.0,13.0
22/01/2021,"13,00","13,00","13,00","13,00","0,14K","0,00%",13.0,13.0,13.0,13.0
26/01/2021,"13,00","13,00","13,00","13,00","8,70K","0,00%",13.0,13.0,13.0,13.0
27/01/2021,"13,00","13,00","13,00","13,00","4,30K","0,00%",13.0,13.0,13.0,13.0
28/01/2021,"13,00","13,00","13,00","13,00","20,01K","0,00%",13.0,13.0,13.0,13.0
29/01/2021,"13,00","13,00","13,00","13,00","37,78K","0,00%",13.0,13.0,13.0,13.0
01/02/2021,"13,00","13,00","13,00","13,00","60,30K","0,00%",13.0,13.0,13.0,13.0
02/02/2021,"13,00","13,00","13,00","13,00","3,91K","0,00%",13.0,13.0,13.0,13.0
03/02/2021,"13,00","13,00","13,00","13,00","0,13K","0,00%",13.0,13.0,13.0,13.0
04/02/2021,"13,00","13,00","13,00","13,00","1,06K","0,00%",13.0,13.0,13.0,13.0
05/02/2021,"13,00","13,00","13,00","13,00","2,57K","0,00%",13.0,13.0,13.0,13.0
08/02/2021,"13,00","13,00","13,00","13,00","9,40K","0,00%",13.0,13.0,13.0,13.0
09/02/2021,"13,00","13,00","13,00","13,00","0,01K","0,00%",13.0,13.0,13.0,13.0
10/02/2021,"13,00","13,00","13,00","13,00","0,37K","0,00%",13.0,13.0,13.0,13.0
11/02/2021,"13,00","13,00","13,00","13,00","0,98K","0,00%",13.0,13.0,13.0,13.0
12/02/2021,"13,00","13,00","13,00","13,00","8,64K","0,00%",13.0,13.0,13.0,13.0
15/02/2021,"13,00","13,00","13,00","13,00","5,90K","0,00%",13.0,13.0,13.0,13.0
16/02/2021,"13,00","13,00","13,00","13,00","1,19K","0,00%",13.0,13.0,13.0,13.0
17/02/2021,"13,00","13,00","13,00","13,00","7,85K","0,00%",13.0,13.0,13.0,13.0
18/02/2021,"13,00","13,00","13,00","13,00","1,30K","0,00%",13.0,13.0,13.0,13.0
19/02/2021,"13,00","13,00","13,00","13,00","8,45K","0,00%",13.0,13.0,13.0,13.0
22/02/2021,"13,00","13,00","13,00","13,00","5,21K","0,00%",13.0,13.0,13.0,13.0
23/02/2021,"13,00","13,00","13,00","13,00","8,47K","0,00%",13.0,13.0,13.0,13.0
24/02/2021,"13,00","13,00","13,00","13,00","4,14K","0,00%",13.0,13.0,13.0,13.0
25/02/2021,"13,00","13,00","13,00","13,00","0,10K","0,00%",13.0,13.0,13.0,13.0
26/02/2021,"13,00","13,00","13,00","13,00","0,45K","0,00%",13.0,13.0,13.0,13.0
02/03/2021,"13,00","13,00","13,00","13,00","14,33K","0,00%",13.0,13.0,13.0,13.0
03/03/2021,"13,00","13,00","13,00","13,00","5,09K","0,00%",13.0,13.0,13.0,13.0
04/03/2021,"13,00","13,00","13,00","13,00","7,60K","0,00%",13.0,13.0,13.0,13.0
05/03/2021,"13,00","13,00","13,00","13,00","32,38K","0,00%",13.0,13.0,13.0,13.0
08/03/2021,"13,00","13,00","13,00","13,00","0,50K","0,00%",13.0,13.0,13.0,13.0
09/03/2021,"13,00","13,00","13,00","13,00","228,19K","0,00%",13.0,13.0,13.0,13.0
10/03/2021,"13,00","13,00","13,00","13,00","3,85K","0,00%",13.0,13.0,13.0,13.0
11/03/2021,"13,00","13,00","13,00","13,00","33,62K","0,00%",13.0,13.0,13.0,13.0
12/03/2021,"13,00","13,00","13,00","13,00","0,60K","0,00%",13.0,13.0,13.0,13.0
15/03/2021,"13,00","13,00","13,00","13,00","4,09K","0,00%",13.0,13.0,13.0,13.0
16/03/2021,"13,00","13,00","13,00","13,00","20,75K","0,00%",13.0,13.0,13.0,13.0
17/03/2021,"13,00","13,00","13,00","13,00","2,08K","0,00%",13.0,13.0,13.0,13.0
18/03/2021,"13,00","13,00","13,00","13,00","1,90K","0,00%",13.0,13.0,13.0,13.0
19/03/2021,"13,00","13,00","13,00","13,00","0,26K","0,00%",13.0,13.0,13.0,13.0
22/03/2021,"13,00","13,00","13,00","13,00","4,50K","0,00%",13.0,13.0,13.0,13.0
23/03/2021,"13,00","13,00","13,00","13,00","21,60K","0,00%",13.0,13.0,13.0,13.0
24/03/2021,"13,00","13,00","13,00","13,00","0,40K","0,00%",13.0,13.0,13.0,13.0
25/03/2021,"13,00","13,00","13,00","13,00","20,13K","0,00%",13.0,13.0,13.0,13.0
26/03/2021,"13,00","13,00","13,00","13,00","1,53K","0,00%",13.0,13.0,13.0,13.0
29/03/2021,"13,00","13,00","13,00","13,00","0,76K","0,00%",13.0,13.0,13.0,13.0
30/03/2021,"13,00","13,00","13,00","13,00","0,40K","0,00%",13.0,13.0,13.0,13.0
31/03/2021,"13,00","13,00","13,00","13,00","12,10K","0,00%",13.0,13.0,13.0,13.0
02/04/2021,"13,00","13,00","13,00","13,00","7,80K","0,00%",13.0,13.0,13.0,13.0
06/04/2021,"13,00","13,00","13,00","13,00","2,09K","0,00%",13.0,13.0,13.0,13.0
07/04/2021,"13,00","13,00","13,00","13,00","8,17K","0,00%",13.0,13.0,13.0,13.0
09/04/2021,"13,00","13,00","13,00","13,00","7,60K","0,00%",13.0,13.0,13.0,13.0
12/04/2021,"13,00","13,00","13,00","13,00","2,46K","0,00%",13.0,13.0,13.0,13.0
14/04/2021,"13,00","13,00","13,00","13,00","0,10K","0,00%",13.0,13.0,13.0,13.0
15/04/2021,"13,00","13,00","13,00","13,00","6,62K","0,00%",13.0,13.0,13.0,13.0
16/04/2021,"13,00","13,00","13,00","13,00","2,50K","0,00%",13.0,13.0,13.0,13.0
19/04/2021,"13,00","13,00","13,00","13,00","2,62K","0,00%",13.0,13.0,13.0,13.0
21/04/2021,"13,00","13,00","13,00","13,00","1,30K","0,00%",13.0,13.0,13.0,13.0
22/04/2021,"13,00","13,00","13,00","13,00","255,33K","0,00%",13.0,13.0,13.0,13.0
23/04/2021,"13,00","13,00","13,00","13,00","0,23K","0,00%",13.0,13.0,13.0,13.0
26/04/2021,"13,00","13,00","13,00","13,00","1,83K","0,00%",13.0,13.0,13.0,13.0
28/04/2021,"13,00","13,00","13,00","13,00","25,02K","0,00%",13.0,13.0,13.0,13.0
29/04/2021,"13,00","13,00","13,00","13,00","85,10K","0,00%",13.0,13.0,13.0,13.0
30/04/2021,"13,00","13,00","13,00","13,00","16,21K","0,00%",13.0,13.0,13.0,13.0
03/05/2021,"13,00","13,00","13,00","13,00","17,01K","0,00%",13.0,13.0,13.0,13.0
04/05/2021,"13,00","13,00","13,00","13,00","0,52K","0,00%",13.0,13.0,13.0,13.0
05/05/2021,"13,00","13,00","13,00","13,00","23,77K","0,00%",13.0,13.0,13.0,13.0
06/05/2021,"13,00","13,00","13,00","13,00","12,53K","0,00%",13.0,13.0,13.0,13.0
07/05/2021,"13,00","13,00","13,00","13,00","16,00K","0,00%",13.0,13.0,13.0,13.0
10/05/2021,"13,00","13,00","13,00","13,00","9,92K","0,00%",13.0,13.0,13.0,13.0
11/05/2021,"13,00","13,00","13,00","13,00","3,39K","0,00%",13.0,13.0,13.0,13.0
14/05/2021,"13,00","13,00","13,00","13,00","15,00K","0,00%",13.0,13.0,13.0,13.0
17/05/2021,"13,00","13,00","13,00","13,00","10,27K","0,00%",13.0,13.0,13.0,13.0
18/05/2021,"13,00","13,00","13,00","13,00","18,71K","0,00%",13.0,13.0,13.0,13.0
19/05/2021,"13,00","13,00","13,00","13,00","6,68K","0,00%",13.0,13.0,13.0,13.0
20/05/2021,"13,00","13,00","13,00","13,00","26,62K","0,00%",13.0,13.0,13.0,13.0
21/05/2021,"13,00","13,00","13,00","13,00","144,19K","0,00%",13.0,13.0,13.0,13.0
25/05/2021,"13,00","13,00","13,00","13,00","52,89K","0,00%",13.0,13.0,13.0,13.0
26/05/2021,"13,00","13,00","13,00","13,00","35,73K","0,00%",13.0,13.0,13.0,13.0
27/05/2021,"13,00","13,00","13,00","13,00","43,81K","0,00%",13.0,13.0,13.0,13.0
28/05/2021,"13,00","13,00","13,00","13,00","1,09M","0,00%",13.0,13.0,13.0,13.0
31/05/2021,"13,00","13,00","13,00","13,00","23,80K","0,00%",13.0,13.0,13.0,13.0
01/06/2021,"13,00","13,00","13,00","13,00","38,14K","0,00%",13.0,13.0,13.0,13.0
02/06/2021,"13,00","13,00","13,00","13,00","707,53K","0,00%",13.0,13.0,13.0,13.0
03/06/2021,"13,00","13,00","13,00","13,00","31,77K","0,00%",13.0,13.0,13.0,13.0
04/06/2021,"13,00","13,00","13,00","13,00","23,68K","0,00%",13.0,13.0,13.0,13.0
07/06/2021,"13,00","13,00","13,00","13,00","28,86K","0,00%",13.0,13.0,13.0,13.0
08/06/2021,"13,00","13,00","13,00","13,00","13,66K","0,00%",13.0,13.0,13.0,13.0
09/06/2021,"13,00","13,00","13,00","13,00","42,25K","0,00%",13.0,13.0,13.0,13.0
10/06/2021,"13,00","13,00","13,00","13,00","14,00K","0,00%",13.0,13.0,13.0,13.0
11/06/2021,"13,00","13,00","13,00","13,00","0,17K","0,00%",13.0,13.0,13.0,13.0
14/06/2021,"13,00","13,00","13,00","13,00","35,05K","0,00%",13.0,13.0,13.0,13.0
15/06/2021,"13,00","13,00","13,00","13,00","8,68K","0,00%",13.0,13.0,13.0,13.0
16/06/2021,"13,00","13,00","13,00","13,00","112,65K","0,00%",13.0,13.0,13.0,13.0
17/06/2021,"13,00","13,00","13,00","13,00","5,34K","0,00%",13.0,13.0,13.0,13.0
18/06/2021,"13,00","13,00","13,00","13,00","2,78K","0,00%",13.0,13.0,13.0,13.0
21/06/2021,"13,00","13,00","13,00","13,00","104,20K","0,00%",13.0,13.0,13.0,13.0
22/06/2021,"13,00","13,00","13,00","13,00","21,28K","0,00%",13.0,13.0,13.0,13.0
23/06/2021,"13,00","13,00","13,00","13,00","1,12K","0,00%",13.0,13.0,13.0,13.0
24/06/2021,"13,00","13,00","13,00","13,00","1,10K","0,00%",13.0,13.0,13.0,13.0
28/06/2021,"13,00","13,00","13,00","13,00","122,18K","0,00%",13.0,13.0,13.0,13.0
29/06/2021,"13,00","13,00","13,00","13,00","43,56K","0,00%",13.0,13.0,13.0,13.0
30/06/2021,"13,00","13,00","13,00","13,00","6,85K","0,00%",13.0,13.0,13.0,13.0
01/07/2021,"13,00","13,00","13,00","13,00","15,74K","0,00%",13.0,13.0,13.0,13.0
02/07/2021,"13,00","13,00","13,00","13,00","101,50K","0,00%",13.0,13.0,13.0,13.0
05/07/2021,"13,00","13,00","13,00","13,00","10,12K","0,00%",13.0,13.0,13.0,13.0
06/07/2021,"13,00","13,00","13,00","13,00","1,26K","0,00%",13.0,13.0,13.0,13.0
07/07/2021,"13,00","13,00","13,00","13,00","10,22K","0,00%",13.0,13.0,13.0,13.0
08/07/2021,"13,00","13,00","13,00","13,00","17,55K","0,00%",13.0,13.0,13.0,13.0
09/07/2021,"13,00","13,00","13,00","13,00","69,06K","0,00%",13.0,13.0,13.0,13.0
12/07/2021,"13,00","13,00","13,00","13,00","5,75K","0,00%",13.0,13.0,13.0,13.0
13/07/2021,"13,00","13,00","13,00","13,00","66,07K","0,00%",13.0,13.0,13.0,13.0
14/07/2021,"13,00","13,00","13,00","13,00","21,32K","0,00%",13.0,13.0,13.0,13.0
15/07/2021,"13,00","13,00","13,00","13,00","30,01K","0,00%",13.0,13.0,13.0,13.0
16/07/2021,"13,00","13,00","13,00","13,00","21,71K","0,00%",13.0,13.0,13.0,13.0
19/07/2021,"13,00","13,00","13,00","13,00","5,47K","0,00%",13.0,13.0,13.0,13.0
21/07/2021,"13,00","13,00","13,00","13,00","129,72K","0,00%",13.0,13.0,13.0,13.0
22/07/2021,"13,00","13,00","13,00","13,00","14,99K","0,00%",13.0,13.0,13.0,13.0
23/07/2021,"13,00","13,00","13,00","13,00","10,71K","0,00%",13.0,13.0,13.0,13.0
26/07/2021,"13,00","13,00","13,00","13,00","30,32K","0,00%",13.0,13.0,13.0,13.0
27/07/2021,"13,00","13,00","13,00","13,00","93,70K","0,00%",13.0,13.0,13.0,13.0
28/07/2021,"13,00","13,00","13,00","13,00","56,80K","0,00%",13.0,13.0,13.0,13.0
29/07/2021,"13,00","13,00","13,00","13,00","71,12K","0,00%",13.0,13.0,13.0,13.0
30/07/2021,"13,00","13,00","13,00","13,00","89,28K","0,00%",13.0,13.0,13.0,13.0
02/08/2021,"13,00","13,00","13,00","13,00","18,24K","0,00%",13.0,13.0,13.0,13.0
03/08/2021,"13,00","13,00","13,00","13,00","61,99K","0,00%",13.0,13.0,13.0,13.0
04/08/2021,"13,00","13,00","13,00","13,00","1,08M","0,00%",13.0,13.0,13.0,13.0
05/08/2021,"13,00","13,00","13,00","13,00","42,62K","0,00%",13.0,13.0,13.0,13.0
06/08/2021,"13,00","13,00","13,00","13,00","17,91K","0,00%",13.0,13.0,13.0,13.0
09/08/2021,"13,00","13,00","13,00","13,00","61,18K","0,00%",13.0,13.0,13.0,13.0
10/08/2021,"13,00","13,00","13,00","13,00","79,91K","0,00%",13.0,13.0,13.0,13.0
11/08/2021,"13,00","13,00","13,00","13,00","9,39K","0,00%",13.0,13.0,13.0,13.0
12/08/2021,"13,00","13,00","13,00","13,00","9,03K","0,00%",13.0,13.0,13.0,13.0
13/08/2021,"13,00","13,00","13,00","13,00","25,29K","0,00%",13.0,13.0,13.0,13.0
16/08/2021,"13,00","13,00","13,00","13,00","6,87K","0,00%",13.0,13.0,13.0,13.0
17/08/2021,"13,00","13,00","13,00","13,00","14,89K","0,00%",13.0,13.0,13.0,13.0
18/08/2021,"13,00","13,00","13,00","13,00","44,15K","0,00%",13.0,13.0,13.0,13.0
19/08/2021,"13,00","13,00","13,00","13,00","21,28K","0,00%",13.0,13.0,13.0,13.0
20/08/2021,"13,00","13,00","13,00","13,00","72,56K","0,00%",13.0,13.0,13.0,13.0
23/08/2021,"13,00","13,00","13,00","13,00","254,61K","0,00%",13.0,13.0,13.0,13.0
24/08/2021,"13,00","13,00","13,00","13,00","63,54K","0,00%",13.0,13.0,13.0,13.0
25/08/2021,"13,00","13,00","13,00","13,00","127,19K","0,00%",13.0,13.0,13.0,13.0
26/08/2021,"13,00","13,00","13,00","13,00","30,38K","0,00%",13.0,13.0,13.0,13.0
27/08/2021,"13,00","13,00","13,00","13,00","38,09K","0,00%",13.0,13.0,13.0,13.0
30/08/2021,"13,00","13,00","13,00","13,00","132,95K","0,00%",13.0,13.0,13.0,13.0
31/08/2021,"13,00","13,00","13,00","13,00","240,08K","0,00%",13.0,13.0,13.0,13.0
01/09/2021,"13,00","13,00","13,00","13,00","17,43K","0,00%",13.0,13.0,13.0,13.0
02/09/2021,"13,00","13,00","13,00","13,00","32,63K","0,00%",13.0,13.0,13.0,13.0
03/09/2021,"13,00","13,00","13,00","13,00","37,51K","0,00%",13.0,13.0,13.0,13.0
06/09/2021,"13,00","13,00","13,00","13,00","44,63K","0,00%",13.0,13.0,13.0,13.0
07/09/2021,"13,00","13,00","13,00","13,00","106,76K","0,00%",13.0,13.0,13.0,13.0
08/09/2021,"13,00","13,00","13,00","13,00","120,65K","0,00%",13.0,13.0,13.0,13.0
09/09/2021,"13,00","13,00","13,00","13,00","5,60K","0,00%",13.0,13.0,13.0,13.0
10/09/2021,"13,00","13,00","13,00","13,00","126,57K","0,00%",13.0,13.0,13.0,13.0
13/09/2021,"13,00","13,00","13,00","13,00","40,91K","0,00%",13.0,13.0,13.0,13.0
14/09/2021,"13,00","13,00","13,00","13,00","160,60K","0,00%",13.0,13.0,13.0,13.0
15/09/2021,"13,00","13,00","13,00","13,00","17,40K","0,00%",13.0,13.0,13.0,13.0
16/09/2021,"13,00","13,00","13,00","13,00","23,05K","0,00%",13.0,13.0,13.0,13.0
17/09/2021,"13,00","13,00","13,00","13,00","31,81K","0,00%",13.0,13.0,13.0,13.0
20/09/2021,"13,00","13,00","13,00","13,00","146,07K","0,00%",13.0,13.0,13.0,13.0
21/09/2021,"13,00","13,00","13,00","13,00","179,03K","0,00%",13.0,13.0,13.0,13.0
22/09/2021,"13,00","13,00","13,00","13,00","25,49K","0,00%",13.0,13.0,13.0,13.0
23/09/2021,"13,00","13,00","13,00","13,00","378,11K","0,00%",13.0,13.0,13.0,13.0
24/09/2021,"13,00","13,00","13,00","13,00","113,03K","0,00%",13.0,13.0,13.0,13.0
27/09/2021,"13,00","13,00","13,00","13,00","114,63K","0,00%",13.0,13.0,13.0,13.0
28/09/2021,"13,00","13,00","13,00","13,00","144,94K","0,00%",13.0,13.0,13.0,13.0
29/09/2021,"13,00","13,00","13,00","13,00","26,29K","0,00%",13.0,13.0,13.0,13.0
30/09/2021,"13,00","13,00","13,00","13,00","395,92K","0,00%",13.0,13.0,13.0,13.0
01/10/2021,"13,00","13,00","13,00","13,00","30,52K","0,00%",13.0,13.0,13.0,13.0
04/10/2021,"13,00","13,00","13,00","13,00","46,77K","0,00%",13.0,13.0,13.0,13.0
05/10/2021,"13,00","13,00","13,00","13,00","82,01K","0,00%",13.0,13.0,13.0,13.0
06/10/2021,"13,00","13,00","13,00","13,00","24,38K","0,00%",13.0,13.0,13.0,13.0
07/10/2021,"13,00","13,00","13,00","13,00","83,94K","0,00%",13.0,13.0,13.0,13.0
08/10/2021,"13,00","13,00","13,00","13,00","36,59K","0,00%",13.0,13.0,13.0,13.0
11/10/2021,"13,00","13,00","13,00","13,00","146,68K","0,00%",13.0,13.0,13.0,13.0
12/10/2021,"13,00","13,00","13,00","13,00","36,82K","0,00%",13.0,13.0,13.0,13.0
13/10/2021,"13,00","13,00","13,00","13,00","13,10K","0,00%",13.0,13.0,13.0,13.0
14/10/2021,"13,00","13,00","13,00","13,00","317,08K","0,00%",13.0,13.0,13.0,13.0
15/10/2021,"13,00","13,00","13,00","13,00","770,38K","0,00%",13.0,13.0,13.0,13.0
19/10/2021,"13,00","13,00","13,00","13,00","186,33K","0,00%",13.0,13.0,13.0,13.0
20/10/2021,"13,00","13,00","13,00","13,00","13,47K","0,00%",13.0,13.0,13.0,13.0
21/10/2021,"13,00","13,00","13,00","13,00","62,28K","0,00%",13.0,13.0,13.0,13.0
22/10/2021,"13,00","13,00","13,00","13,00","1,80M","0,00%",13.0,13.0,13.0,13.0
25/10/2021,"13,00","13,00","13,00","13,00","605,44K","0,00%",13.0,13.0,13.0,13.0
26/10/2021,"13,00","13,00","13,00","13,00","18,33K","0,00%",13.0,13.0,13.0,13.0
27/10/2021,"13,00","13,00","13,00","13,00","148,48K","0,00%",13.0,13.0,13.0,13.0
28/10/2021,"13,00","13,00","13,00","13,00","58,30K","0,00%",13.0,13.0,13.0,13.0
29/10/2021,"13,00","13,00","13,00","13,00","414,85K","0,00%",13.0,13.0,13.0,13.0
02/11/2021,"13,00","13,00","13,00","13,00","28,14K","0,00%",13.0,13.0,13.0,13.0
03/11/2021,"13,00","13,00","13,00","13,00","471,24K","0,00%",13.0,13.0,13.0,13.0
04/11/2021,"13,00","13,00","13,00","13,00","2,96M","0,00%",13.0,13.0,13.0,13.0
05/11/2021,"13,00","13,00","13,00","13,00","156,02K","0,00%",13.0,13.0,13.0,13.0
08/11/2021,"13,00","13,00","13,00","13,00","139,52K","0,00%",13.0,13.0,13.0,13.0
09/11/2021,"13,00","13,00","13,00","13,00","73,92K","0,00%",13.0,13.0,13.0,13.0
10/11/2021,"13,00","13,00","13,00","13,00","65,90K","0,00%",13.0,13.0,13.0,13.0
11/11/2021,"13,00","13,00","13,00","13,00","8,29K","0,00%",13.0,13.0,13.0,13.0
12/11/2021,"13,00","13,00","13,00","13,00","14,82K","0,00%",13.0,13.0,13.0,13.0
16/11/2021,"13,00","13,00","13,00","13,00","31,39K","0,00%",13.0,13.0,13.0,13.0
17/11/2021,"13,00","13,00","13,00","13,00","4,52K","0,00%",13.0,13.0,13.0,13.0
18/11/2021,"13,00","13,00","13,00","13,00","85,34K","0,00%",13.0,13.0,13.0,13.0
19/11/2021,"13,00","13,00","13,00","13,00","5,11K","0,00%",13.0,13.0,13.0,13.0
22/11/2021,"13,00","13,00","13,00","13,00","100,73K","0,00%",13.0,13.0,13.0,13.0
23/11/2021,"13,00","13,00","13,00","13,00","11,09K","0,00%",13.0,13.0,13.0,13.0
24/11/2021,"13,00","13,00","13,00","13,00","36,13K","0,00%",13.0,13.0,13.0,13.0
25/11/2021,"13,00","13,00","13,00","13,00","8,14K","0,00%",13.0,13.0,13.0,13.0
26/11/2021,"13,00","13,00","13,00","13,00","6,01K","0,00%",13.0,13.0,13.0,13.0
29/11/2021,"13,00","13,00","13,00","13,00","4,35K","0,00%",13.0,13.0,13.0,13.0
30/11/2021,"13,00","13,00","13,00","13,00","2,29K","0,00%",13.0,13.0,13.0,13.0
01/12/2021,"13,00","13,00","13,00","13,00","0,33K","0,00%",13.0,13.0,13.0,13.0
02/12/2021,"13,00","13,00","13,00","13,00","3,88K","0,00%",13.0,13.0,13.0,13.0
03/12/2021,"13,00","13,00","13,00","13,00","175,37K","0,00%",13.0,13.0,13.0,13.0
06/12/2021,"13,00","13,00","13,00","13,00","156,90K","0,00%",13.0,13.0,13.0,13.0
07/12/2021,"13,00","13,00","13,00","13,00","34,31M","0,00%",13.0,13.0,13.0,13.0
08/12/2021,"13,00","13,00","13,00","13,00","1,75M","0,00%",13.0,13.0,13.0,13.0
09/12/2021,"13,00","13,00","13,00","13,00","1,82M","0,00%",13.0,13.0,13.0,13.0
10/12/2021,"13,00","13,00","13,00","13,00","324,75K","0,00%",13.0,13.0,13.0,13.0
13/12/2021,"13,00","13,00","13,00","13,00","985,14K","0,00%",13.0,13.0,13.0,13.0
14/12/2021,"13,00","13,00","13,00","13,00","761,21K","0,00%",13.0,13.0,13.0,13.0
15/12/2021,"13,00","13,00","13,00","13,00","1,09M","0,00%",13.0,13.0,13.0,13.0
16/12/2021,"13,00","13,00","13,00","13,00","509,62K","0,00%",13.0,13.0,13.0,13.0
17/12/2021,"13,00","13,00","13,00","13,00","6,54M","0,00%",13.0,13.0,13.0,13.0
20/12/2021,"14,00","14,00","14,00","14,00","14,88M","7,69%",14.0,14.0,14.0,14.0
21/12/2021,"14,00","14,00","14,00","14,00","5,17M","0,00%",14.0,14.0,14.0,14.0
22/12/2021,"14,00","14,00","14,00","14,00","2,17M","0,00%",14.0,14.0,14.0,14.0
23/12/2021,"13,00","13,00","13,00","13,00","12,66M","-7,14%",13.0,13.0,13.0,13.0
24/12/2021,"14,00","14,00","14,00","14,00","28,05M","7,69%",14.0,14.0,14.0,14.0
27/12/2021,"15,00","15,00","15,00","15,00","870,76K","7,14%",15.0,15.0,15.0,15.0
28/12/2021,"16,00","16,00","16,00","16,00","235,66K","6,67%",16.0,16.0,16.0,16.0
29/12/2021,"17,00","17,00","17,00","17,00","172,39K","6,25%",17.0,17.0,17.0,17.0
30/12/2021,"18,00","18,00","18,00","18,00","4,40M","5,88%",18.0,18.0,18.0,18.0
31/12/2021,"18,00","18,00","18,00","18,00","1,30M","0,00%",18.0,18.0,18.0,18.0
03/01/2022,"19,00","19,00","19,00","19,00","651,14K","5,56%",19.0,19.0,19.0,19.0
04/01/2022,"20,00","20,00","20,00","20,00","359,69K","5,26%",20.0,20.0,20.0,20.0
05/01/2022,"21,00","21,00","21,00","21,00","3,60M","5,00%",21.0,21.0,21.0,21.0
06/01/2022,"22,00","22,00","22,00","22,00","2,19M","4,76%",22.0,22.0,22.0,22.0
07/01/2022,"23,00","23,00","23,00","23,00","7,19M","4,55%",23.0,23.0,23.0,23.0
10/01/2022,"24,00","24,00","24,00","24,00","836,92K","4,35%",24.0,24.0,24.0,24.0
11/01/2022,"25,00","25,00","25,00","25,00","546,25K","4,17%",25.0,25.0,25.0,25.0
12/01/2022,"26,00","26,00","26,00","26,00","8,66M","4,00%",26.0,26.0,26.0,26.0
13/01/2022,"25,00","25,00","25,00","25,00","3,69M","-3,85%",25.0,25.0,25.0,25.0
14/01/2022,"24,00","24,00","24,00","24,00","303,79K","-4,00%",24.0,24.0,24.0,24.0
17/01/2022,"23,00","23,00","23,00","23,00","150,40K","-4,17%",23.0,23.0,23.0,23.0
18/01/2022,"22,00","22,00","22,00","22,00","836,92K","-4,35%",22.0,22.0,22.0,22.0
19/01/2022,"21,00","21,00","21,00","21,00","176,95K","-4,55%",21.0,21.0,21.0,21.0
20/01/2022,"20,00","20,00","20,00","20,00","51,49K","-4,76%",20.0,20.0,20.0,20.0
21/01/2022,"19,00","19,00","19,00","19,00","96,03K","-5,00%",19.0,19.0,19.0,19.0
24/01/2022,"18,00","18,00","18,00","18,00","169,28K","-5,26%",18.0,18.0,18.0,18.0
25/01/2022,"17,00","17,00","17,00","17,00","36,95K","-5,56%",17.0,17.0,17.0,17.0
26/01/2022,"18,00","18,00","18,00","18,00","2,88M","5,88%",18.0,18.0,18.0,18.0
27/01/2022,"19,00","19,00","19,00","19,00","1,89M","5,56%",19.0,19.0,19.0,19.0
28/01/2022,"20,00","20,00","20,00","20,00","1,44M","5,26%",20.0,20.0,20.0,20.0
31/01/2022,"21,00","21,00","21,00","21,00","2,10M","5,00%",21.0,21.0,21.0,21.0
01/02/2022,"22,00","22,00","22,00","22,00","638,97K","4,76%",22.0,22.0,22.0,22.0
02/02/2022,"21,00","21,00","21,00","21,00","2,25M","-4,55%",21.0,21.0,21.0,21.0
03/02/2022,"20,00","20,00","20,00","20,00","2,52M","-4,76%",20.0,20.0,20.0,20.0
04/02/2022,"19,00","19,00","19,00","19,00","1,70M","-5,00%",19.0,19.0,19.0,19.0
07/02/2022,"20,00","20,00","20,00","20,00","430,86K","5,26%",20.0,20.0,20.0,20.0
08/02/2022,"21,00","21,00","21,00","21,00","1,56M","5,00%",21.0,21.0,21.0,21.0
09/02/2022,"22,00","22,00","22,00","22,00","1,37M","4,76%",22.0,22.0,22.0,22.0
10/02/2022,"22,00","22,00","22,00","22,00","1,17M","0,00%",22.0,22.0,22.0,22.0
11/02/2022,"21,00","21,00","21,00","21,00","438,55K","-4,55%",21.0,21.0,21.0,21.0
14/02/2022,"21,00","21,00","21,00","21,00","1,07M","0,00%",21.0,21.0,21.0,21.0
15/02/2022,"20,00","20,00","20,00","20,00","2,07M","-4,76%",20.0,20.0,20.0,20.0
16/02/2022,"19,00","19,00","19,00","19,00","1,54M","-5,00%",19.0,19.0,19.0,19.0
17/02/2022,"20,00","20,00","20,00","20,00","652,70K","5,26%",20.0,20.0,20.0,20.0
18/02/2022,"20,00","20,00","20,00","20,00","507,05K","0,00%",20.0,20.0,20.0,20.0
21/02/2022,"20,00","20,00","20,00","20,00","147,43K","0,00%",20.0,20.0,20.0,20.0
22/02/2022,"20,00","20,00","20,00","20,00","249,72K","0,00%",20.0,20.0,20.0,20.0
23/02/2022,"21,00","21,00","21,00","21,00","248,02K","5,00%",21.0,21.0,21.0,21.0
24/02/2022,"21,00","21,00","21,00","21,00","171,41K","0,00%",21.0,21.0,21.0,21.0
25/02/2022,"20,00","20,00","20,00","20,00","1,11M","-4,76%",20.0,20.0,20.0,20.0
28/02/2022,"20,00","20,00","20,00","20,00","380,40K","0,00%",20.0,20.0,20.0,20.0
01/03/2022,"19,00","19,00","19,00","19,00","2,17M","-5,00%",19.0,19.0,19.0,19.0
02/03/2022,"18,00","18,00","18,00","18,00","1,43M","-5,26%",18.0,18.0,18.0,18.0
03/03/2022,"17,00","17,00","17,00","17,00","477,93K","-5,56%",17.0,17.0,17.0,17.0
04/03/2022,"16,00","16,00","16,00","16,00","1,86M","-5,88%",16.0,16.0,16.0,16.0
07/03/2022,"15,00","15,00","15,00","15,00","1,06M","-6,25%",15.0,15.0,15.0,15.0
08/03/2022,"15,00","15,00","15,00","15,00","5,55M","0,00%",15.0,15.0,15.0,15.0
09/03/2022,"15,00","15,00","15,00","15,00","4,99M","0,00%",15.0,15.0,15.0,15.0
10/03/2022,"15,00","15,00","15,00","15,00","2,92M","0,00%",15.0,15.0,15.0,15.0
11/03/2022,"15,00","15,00","15,00","15,00","2,17M","0,00%",15.0,15.0,15.0,15.0
14/03/2022,"15,00","15,00","15,00","15,00","584,29K","0,00%",15.0,15.0,15.0,15.0
15/03/2022,"15,00","15,00","15,00","15,00","2,38M","0,00%",15.0,15.0,15.0,15.0
16/03/2022,"15,00","15,00","15,00","15,00","2,30M","0,00%",15.0,15.0,15.0,15.0
17/03/2022,"15,00","15,00","15,00","15,00","4,73M","0,00%",15.0,15.0,15.0,15.0
18/03/2022,"15,00","15,00","15,00","15,00","553,67K","0,00%",15.0,15.0,15.0,15.0
21/03/2022,"16,00","16,00","16,00","16,00","235,51K","6,67%",16.0,16.0,16.0,16.0
22/03/2022,"17,00","17,00","17,00","17,00","1,24M","6,25%",17.0,17.0,17.0,17.0
23/03/2022,"17,00","17,00","17,00","17,00","2,21M","0,00%",17.0,17.0,17.0,17.0
24/03/2022,"17,00","17,00","17,00","17,00","1,29M","0,00%",17.0,17.0,17.0,17.0
25/03/2022,"18,00","18,00","18,00","18,00","142,40K","5,88%",18.0,18.0,18.0,18.0
28/03/2022,"18,00","18,00","18,00","18,00","385,76K","0,00%",18.0,18.0,18.0,18.0
29/03/2022,"17,00","17,00","17,00","17,00","686,59K","-5,56%",17.0,17.0,17.0,17.0
30/03/2022,"18,00","18,00","18,00","18,00","76,66K","5,88%",18.0,18.0,18.0,18.0
31/03/2022,"17,00","17,00","17,00","17,00","83,74K","-5,56%",17.0,17.0,17.0,17.0
01/04/2022,"17,00","17,00","17,00","17,00","2,25M","0,00%",17.0,17.0,17.0,17.0
04/04/2022,"17,00","17,00","17,00","17,00","263,09K","0,00%",17.0,17.0,17.0,17.0
05/04/2022,"17,00","17,00","17,00","17,00","43,58K","0,00%",17.0,17.0,17.0,17.0
06/04/2022,"17,00","17,00","17,00","17,00","63,10K","0,00%",17.0,17.0,17.0,17.0
07/04/2022,"17,00","17,00","17,00","17,00","68,33K","0,00%",17.0,17.0,17.0,17.0
08/04/2022,"17,00","17,00","17,00","17,00","221,46K","0,00%",17.0,17.0,17.0,17.0
11/04/2022,"17,00","17,00","17,00","17,00","929,57K","0,00%",17.0,17.0,17.0,17.0
12/04/2022,"17,00","17,00","17,00","17,00","706,33K","0,00%",17.0,17.0,17.0,17.0
13/04/2022,"17,00","17,00","17,00","17,00","573,03K","0,00%",17.0,17.0,17.0,17.0
14/04/2022,"17,00","17,00","17,00","17,00","25,30K","0,00%",17.0,17.0,17.0,17.0
15/04/2022,"17,00","17,00","17,00","17,00","654,80K","0,00%",17.0,17.0,17.0,17.0
19/04/2022,"17,00","17,00","17,00","17,00","137,89K","0,00%",17.0,17.0,17.0,17.0
20/04/2022,"17,00","17,00","17,00","17,00","29,46K","0,00%",17.0,17.0,17.0,17.0
21/04/2022,"17,00","17,00","17,00","17,00","268,38K","0,00%",17.0,17.0,17.0,17.0
22/04/2022,"17,00","17,00","17,00","17,00","24,13K","0,00%",17.0,17.0,17.0,17.0
25/04/2022,"17,00","17,00","17,00","17,00","828,31K","0,00%",17.0,17.0,17.0,17.0
26/04/2022,"17,00","17,00","17,00","17,00","2,76M","0,00%",17.0,17.0,17.0,17.0
27/04/2022,"17,00","17,00","17,00","17,00","297,00K","0,00%",17.0,17.0,17.0,17.0
29/04/2022,"17,00","17,00","17,00","17,00","94,34K","0,00%",17.0,17.0,17.0,17.0
03/05/2022,"16,00","16,00","16,00","16,00","517,36K","-5,88%",16.0,16.0,16.0,16.0
04/05/2022,"17,00","17,00","17,00","17,00","1,70M","6,25%",17.0,17.0,17.0,17.0
05/05/2022,"17,00","17,00","17,00","17,00","401,46K","0,00%",17.0,17.0,17.0,17.0
06/05/2022,"17,00","17,00","17,00","17,00","182,20K","0,00%",17.0,17.0,17.0,17.0
09/05/2022,"17,00","17,00","17,00","17,00","813,02K","0,00%",17.0,17.0,17.0,17.0
10/05/2022,"16,00","16,00","16,00","16,00","487,02K","-5,88%",16.0,16.0,16.0,16.0
11/05/2022,"17,00","17,00","17,00","17,00","85,58K","6,25%",17.0,17.0,17.0,17.0
12/05/2022,"17,00","17,00","17,00","17,00","353,32K","0,00%",17.0,17.0,17.0,17.0
13/05/2022,"17,00","17,00","17,00","17,00","316,12K","0,00%",17.0,17.0,17.0,17.0
16/05/2022,"17,00","17,00","17,00","17,00","89,36K","0,00%",17.0,17.0,17.0,17.0
17/05/2022,"16,00","16,00","16,00","16,00","1,58M","-5,88%",16.0,16.0,16.0,16.0
18/05/2022,"16,00","16,00","16,00","16,00","2,67M","0,00%",16.0,16.0,16.0,16.0
19/05/2022,"16,00","16,00","16,00","16,00","184,35K","0,00%",16.0,16.0,16.0,16.0
20/05/2022,"16,00","16,00","16,00","16,00","144,56K","0,00%",16.0,16.0,16.0,16.0
23/05/2022,"15,00","15,00","15,00","15,00","263,30K","-6,25%",15.0,15.0,15.0,15.0
24/05/2022,"16,00","16,00","16,00","16,00","52,11K","6,67%",16.0,16.0,16.0,16.0
25/05/2022,"16,00","16,00","16,00","16,00","604,81K","0,00%",16.0,16.0,16.0,16.0
27/05/2022,"16,00","16,00","16,00","16,00","388,85K","0,00%",16.0,16.0,16.0,16.0
30/05/2022,"16,00","16,00","16,00","16,00","326,11K","0,00%",16.0,16.0,16.0,16.0
31/05/2022,"16,00","16,00","16,00","16,00","1,90M","0,00%",16.0,16.0,16.0,16.0
01/06/2022,"16,00","16,00","16,00","16,00","2,20M","0,00%",16.0,16.0,16.0,16.0
02/06/2022,"16,00","16,00","16,00","16,00","55,39K","0,00%",16.0,16.0,16.0,16.0
03/06/2022,"16,00","16,00","16,00","16,00","22,08K","0,00%",16.0,16.0,16.0,16.0
07/06/2022,"16,00","16,00","16,00","16,00","137,53K","0,00%",16.0,16.0,16.0,16.0
08/06/2022,"16,00","16,00","16,00","16,00","34,36K","0,00%",16.0,16.0,16.0,16.0
09/06/2022,"15,00","15,00","15,00","15,00","205,20K","-6,25%",15.0,15.0,15.0,15.0
10/06/2022,"16,00","16,00","16,00","16,00","90,68K","6,67%",16.0,16.0,16.0,16.0
13/06/2022,"16,00","16,00","16,00","16,00","75,47K","0,00%",16.0,16.0,16.0,16.0
14/06/2022,"16,00","16,00","16,00","16,00","497,00K","0,00%",16.0,16.0,16.0,16.0
15/06/2022,"15,00","15,00","15,00","15,00","943,39K","-6,25%",15.0,15.0,15.0,15.0
16/06/2022,"15,00","15,00","15,00","15,00","67,75K","0,00%",15.0,15.0,15.0,15.0
17/06/2022,"16,00","16,00","16,00","16,00","154,14K","6,67%",16.0,16.0,16.0,16.0
20/06/2022,"16,00","16,00","16,00","16,00","294,40K","0,00%",16.0,16.0,16.0,16.0
21/06/2022,"16,00","16,00","16,00","16,00","6,28M","0,00%",16.0,16.0,16.0,16.0
22/06/2022,"16,00","16,00","16,00","16,00","80,30K","0,00%",16.0,16.0,16.0,16.0
23/06/2022,"16,00","16,00","16,00","16,00","1,09M","0,00%",16.0,16.0,16.0,16.0
24/06/2022,"15,00","15,00","15,00","15,00","2,26M","-6,25%",15.0,15.0,15.0,15.0
27/06/2022,"15,00","15,00","15,00","15,00","644,46K","0,00%",15.0,15.0,15.0,15.0
28/06/2022,"15,00","15,00","15,00","15,00","400,66K","0,00%",15.0,15.0,15.0,15.0
29/06/2022,"15,00","15,00","15,00","15,00","1,36M","0,00%",15.0,15.0,15.0,15.0
30/06/2022,"16,00","16,00","16,00","16,00","1,48M","6,67%",16.0,16.0,16.0,16.0
01/07/2022,"16,00","16,00","16,00","16,00","33,96K","0,00%",16.0,16.0,16.0,16.0
04/07/2022,"16,00","16,00","16,00","16,00","63,22K","0,00%",16.0,16.0,16.0,16.0
05/07/2022,"16,00","16,00","16,00","16,00","36,73K","0,00%",16.0,16.0,16.0,16.0
06/07/2022,"16,00","16,00","16,00","16,00","331,12K","0,00%",16.0,16.0,16.0,16.0
07/07/2022,"16,00","16,00","16,00","16,00","190,15K","0,00%",16.0,16.0,16.0,16.0
08/07/2022,"16,00","16,00","16,00","16,00","50,98K","0,00%",16.0,16.0,16.0,16.0
11/07/2022,"16,00","16,00","16,00","16,00","41,60K","0,00%",16.0,16.0,16.0,16.0
12/07/2022,"16,00","16,00","16,00","16,00","20,13K","0,00%",16.0,16.0,16.0,16.0
13/07/2022,"16,00","16,00","16,00","16,00","3,44M","0,00%",16.0,16.0,16.0,16.0
14/07/2022,"17,00","17,00","17,00","17,00","359,74K","6,25%",17.0,17.0,17.0,17.0
15/07/2022,"17,00","17,00","17,00","17,00","1,45M","0,00%",17.0,17.0,17.0,17.0
18/07/2022,"18,00","18,00","18,00","18,00","1,66M","5,88%",18.0,18.0,18.0,18.0
19/07/2022,"18,00","18,00","18,00","18,00","69,19K","0,00%",18.0,18.0,18.0,18.0
20/07/2022,"18,00","18,00","18,00","18,00","30,85K","0,00%",18.0,18.0,18.0,18.0
21/07/2022,"18,00","18,00","18,00","18,00","59,23K","0,00%",18.0,18.0,18.0,18.0
22/07/2022,"18,00","18,00","18,00","18,00","430,22K","0,00%",18.0,18.0,18.0,18.0
25/07/2022,"18,00","18,00","18,00","18,00","271,81K","0,00%",18.0,18.0,18.0,18.0
26/07/2022,"18,00","18,00","18,00","18,00","1,07M","0,00%",18.0,18.0,18.0,18.0
27/07/2022,"19,00","19,00","19,00","19,00","397,85K","5,56%",19.0,19.0,19.0,19.0
28/07/2022,"19,00","19,00","19,00","19,00","137,03K","0,00%",19.0,19.0,19.0,19.0
29/07/2022,"19,00","19,00","19,00","19,00","88,78K","0,00%",19.0,19.0,19.0,19.0
01/08/2022,"19,00","19,00","19,00","19,00","2,83M","0,00%",19.0,19.0,19.0,19.0
02/08/2022,"19,00","19,00","19,00","19,00","91,23K","0,00%",19.0,19.0,19.0,19.0
03/08/2022,"19,00","19,00","19,00","19,00","139,28K","0,00%",19.0,19.0,19.0,19.0
04/08/2022,"18,00","18,00","18,00","18,00","242,37K","-5,26%",18.0,18.0,18.0,18.0
05/08/2022,"19,00","19,00","19,00","19,00","553,63K","5,56%",19.0,19.0,19.0,19.0
09/08/2022,"19,00","19,00","19,00","19,00","222,35K","0,00%",19.0,19.0,19.0,19.0
10/08/2022,"18,00","18,00","18,00","18,00","418,95K","-5,26%",18.0,18.0,18.0,18.0
11/08/2022,"18,00","18,00","18,00","18,00","72,88K","0,00%",18.0,18.0,18.0,18.0
12/08/2022,"18,00","18,00","18,00","18,00","50,85K","0,00%",18.0,18.0,18.0,18.0
16/08/2022,"18,00","18,00","18,00","18,00","158,30K","0,00%",18.0,18.0,18.0,18.0
17/08/2022,"17,00","17,00","17,00","17,00","174,41K","-5,56%",17.0,17.0,17.0,17.0
18/08/2022,"18,00","18,00","18,00","18,00","71,35K","5,88%",18.0,18.0,18.0,18.0
19/08/2022,"18,00","0,00","0,00","0,00","237,49K","0,00%",18.0,0.0,0.0,0.0
22/08/2022,"18,00","18,00","18,00","18,00","695,74K","0,00%",18.0,18.0,18.0,18.0
23/08/2022,"18,00","18,00","18,00","18,00","139,23K","0,00%",18.0,18.0,18.0,18.0
24/08/2022,"18,00","18,00","18,00","18,00","73,57K","0,00%",18.0,18.0,18.0,18.0
25/08/2022,"18,00","18,00","18,00","18,00","587,03K","0,00%",18.0,18.0,18.0,18.0
26/08/2022,"18,00","18,00","18,00","18,00","31,51K","0,00%",18.0,18.0,18.0,18.0
29/08/2022,"19,00","19,00","19,00","19,00","114,07K","5,56%",19.0,19.0,19.0,19.0
30/08/2022,"19,00","19,00","19,00","19,00","115,30K","0,00%",19.0,19.0,19.0,19.0
31/08/2022,"19,00","19,00","19,00","19,00","106,58K","0,00%",19.0,19.0,19.0,19.0
01/09/2022,"19,00","19,00","19,00","19,00","1,61M","0,00%",19.0,19.0,19.0,19.0
02/09/2022,"18,00","18,00","18,00","18,00","27,46K","-5,26%",18.0,18.0,18.0,18.0
05/09/2022,"18,00","18,00","18,00","18,00","229,73K","0,00%",18.0,18.0,18.0,18.0
06/09/2022,"19,00","19,00","19,00","19,00","35,20K","5,56%",19.0,19.0,19.0,19.0
07/09/2022,"19,00","19,00","19,00","19,00","44,44K","0,00%",19.0,19.0,19.0,19.0
09/09/2022,"19,00","19,00","19,00","19,00","334,61K","0,00%",19.0,19.0,19.0,19.0
12/09/2022,"19,00","19,00","19,00","19,00","129,84K","0,00%",19.0,19.0,19.0,19.0
13/09/2022,"18,00","18,00","18,00","18,00","131,08K","-5,26%",18.0,18.0,18.0,18.0
14/09/2022,"19,00","19,00","19,00","19,00","225,32K","5,56%",19.0,19.0,19.0,19.0
15/09/2022,"18,00","18,00","18,00","18,00","176,22K","-5,26%",18.0,18.0,18.0,18.0
16/09/2022,"19,00","19,00","19,00","19,00","700,37K","5,56%",19.0,19.0,19.0,19.0
19/09/2022,"19,00","19,00","19,00","19,00","624,96K","0,00%",19.0,19.0,19.0,19.0
20/09/2022,"19,00","19,00","19,00","19,00","74,74K","0,00%",19.0,19.0,19.0,19.0
21/09/2022,"18,00","18,00","18,00","18,00","111,14K","-5,26%",18.0,18.0,18.0,18.0
22/09/2022,"19,00","19,00","19,00","19,00","531,40K","5,56%",19.0,19.0,19.0,19.0
23/09/2022,"19,00","19,00","19,00","19,00","133,71K","0,00%",19.0,19.0,19.0,19.0
26/09/2022,"19,00","19,00","19,00","19,00","106,91K","0,00%",19.0,19.0,19.0,19.0
27/09/2022,"19,00","19,00","19,00","19,00","254,38K","0,00%",19.0,19.0,19.0,19.0
28/09/2022,"19,00","19,00","19,00","19,00","283,18K","0,00%",19.0,19.0,19.0,19.0
29/09/2022,"19,00","19,00","19,00","19,00","16,14K","0,00%",19.0,19.0,19.0,19.0
30/09/2022,"19,00","19,00","19,00","19,00","218,32K","0,00%",19.0,19.0,19.0,19.0
03/10/2022,"19,00","19,00","19,00","19,00","490,18K","0,00%",19.0,19.0,19.0,19.0
04/10/2022,"18,00","18,00","18,00","18,00","125,69K","-5,26%",18.0,18.0,18.0,18.0
05/10/2022,"18,00","18,00","18,00","18,00","2,36M","0,00%",18.0,18.0,18.0,18.0
06/10/2022,"18,00","18,00","18,00","18,00","61,19K","0,00%",18.0,18.0,18.0,18.0
07/10/2022,"19,00","19,00","19,00","19,00","11,55K","5,56%",19.0,19.0,19.0,19.0
10/10/2022,"19,00","19,00","19,00","19,00","1,55M","0,00%",19.0,19.0,19.0,19.0
11/10/2022,"18,00","18,00","18,00","18,00","543,08K","-5,26%",18.0,18.0,18.0,18.0
12/10/2022,"18,00","18,00","18,00","18,00","8,92M","0,00%",18.0,18.0,18.0,18.0
13/10/2022,"18,00","18,00","18,00","18,00","212,68K","0,00%",18.0,18.0,18.0,18.0
14/10/2022,"18,00","18,00","18,00","18,00","74,35K","0,00%",18.0,18.0,18.0,18.0
17/10/2022,"19,00","19,00","19,00","19,00","154,88K","5,56%",19.0,19.0,19.0,19.0
18/10/2022,"19,00","19,00","19,00","19,00","2,05M","0,00%",19.0,19.0,19.0,19.0
19/10/2022,"19,00","19,00","19,00","19,00","473,26K","0,00%",19.0,19.0,19.0,19.0
20/10/2022,"19,00","19,00","19,00","19,00","58,01K","0,00%",19.0,19.0,19.0,19.0
21/10/2022,"19,00","19,00","19,00","19,00","1,11M","0,00%",19.0,19.0,19.0,19.0
24/10/2022,"19,00","19,00","19,00","19,00","214,69K","0,00%",19.0,19.0,19.0,19.0
25/10/2022,"19,00","19,00","19,00","19,00","16,49K","0,00%",19.0,19.0,19.0,19.0
26/10/2022,"19,00","19,00","19,00","19,00","29,60K","0,00%",19.0,19.0,19.0,19.0
27/10/2022,"19,00","19,00","19,00","19,00","336,51K","0,00%",19.0,19.0,19.0,19.0
28/10/2022,"19,00","19,00","19,00","19,00","161,02K","0,00%",19.0,19.0,19.0,19.0
31/10/2022,"19,00","19,00","19,00","19,00","3,50K","0,00%",19.0,19.0,19.0,19.0
02/11/2022,"18,00","18,00","18,00","18,00","97,83K","-5,26%",18.0,18.0,18.0,18.0
03/11/2022,"19,00","19,00","19,00","19,00","84,14K","5,56%",19.0,19.0,19.0,19.0
04/11/2022,"19,00","19,00","19,00","19,00","30,11K","0,00%",19.0,19.0,19.0,19.0
07/11/2022,"20,00","20,00","20,00","20,00","1,50M","5,26%",20.0,20.0,20.0,20.0
08/11/2022,"20,00","20,00","20,00","20,00","68,08K","0,00%",20.0,20.0,20.0,20.0
09/11/2022,"20,00","20,00","20,00","20,00","96,14K","0,00%",20.0,20.0,20.0,20.0
10/11/2022,"20,00","20,00","20,00","20,00","33,46K","0,00%",20.0,20.0,20.0,20.0
11/11/2022,"20,00","20,00","20,00","20,00","111,66K","0,00%",20.0,20.0,20.0,20.0
14/11/2022,"20,00","20,00","20,00","20,00","232,85K","0,00%",20.0,20.0,20.0,20.0
16/11/2022,"20,00","20,00","20,00","20,00","244,57K","0,00%",20.0,20.0,20.0,20.0
17/11/2022,"20,00","20,00","20,00","20,00","148,08K","0,00%",20.0,20.0,20.0,20.0
18/11/2022,"19,00","19,00","19,00","19,00","44,16K","-5,00%",19.0,19.0,19.0,19.0
21/11/2022,"19,00","19,00","19,00","19,00","705,73K","0,00%",19.0,19.0,19.0,19.0
22/11/2022,"20,00","20,00","20,00","20,00","436,00K","5,26%",20.0,20.0,20.0,20.0
23/11/2022,"20,00","20,00","20,00","20,00","1,04M","0,00%",20.0,20.0,20.0,20.0
24/11/2022,"20,00","20,00","20,00","20,00","127,74K","0,00%",20.0,20.0,20.0,20.0
25/11/2022,"20,00","20,00","20,00","20,00","144,75K","0,00%",20.0,20.0,20.0,20.0
28/11/2022,"20,00","20,00","20,00","20,00","21,30K","0,00%",20.0,20.0,20.0,20.0
29/11/2022,"20,00","20,00","20,00","20,00","653,36K","0,00%",20.0,20.0,20.0,20.0
30/11/2022,"20,00","20,00","20,00","20,00","588,37K","0,00%",20.0,20.0,20.0,20.0
01/12/2022,"19,00","19,00","19,00","19,00","347,58K","-5,00%",19.0,19.0,19.0,19.0
02/12/2022,"19,00","19,00","19,00","19,00","275,07K","0,00%",19.0,19.0,19.0,19.0
05/12/2022,"19,00","19,00","19,00","19,00","32,34K","0,00%",19.0,19.0,19.0,19.0
06/12/2022,"19,00","19,00","19,00","19,00","85,42K","0,00%",19.0,19.0,19.0,19.0
07/12/2022,"19,00","19,00","19,00","19,00","17,93K","0,00%",19.0,19.0,19.0,19.0
08/12/2022,"19,00","19,00","19,00","19,00","65,04K","0,00%",19.0,19.0,19.0,19.0
09/12/2022,"19,00","19,00","19,00","19,00","499,99K","0,00%",19.0,19.0,19.0,19.0
12/12/2022,"19,00","19,00","19,00","19,00","164,40K","0,00%",19.0,19.0,19.0,19.0
13/12/2022,"19,00","19,00","19,00","19,00","21,03K","0,00%",19.0,19.0,19.0,19.0
14/12/2022,"19,00","19,00","19,00","19,00","65,09K","0,00%",19.0,19.0,19.0,19.0
15/12/2022,"19,00","19,00","19,00","19,00","29,51K","0,00%",19.0,19.0,19.0,19.0
16/12/2022,"20,00","20,00","20,00","20,00","2,79M","5,26%",20.0,20.0,20.0,20.0
19/12/2022,"19,00","20,00","20,00","20,00","68,51K","-5,00%",19.0,20.0,20.0,20.0
20/12/2022,"19,00","19,00","19,00","19,00","41,13K","0,00%",19.0,19.0,19.0,19.0
21/12/2022,"19,00","19,00","19,00","19,00","39,95K","0,00%",19.0,19.0,19.0,19.0
22/12/2022,"19,00","19,00","19,00","19,00","532,58K","0,00%",19.0,19.0,19.0,19.0
23/12/2022,"20,00","20,00","20,00","20,00","33,28K","5,26%",20.0,20.0,20.0,20.0
27/12/2022,"20,00","20,00","20,00","20,00","198,94K","0,00%",20.0,20.0,20.0,20.0
28/12/2022,"19,00","19,00","19,00","19,00","368,39K","-5,00%",19.0,19.0,19.0,19.0
29/12/2022,"19,00","19,00","19,00","19,00","2,81M","0,00%",19.0,19.0,19.0,19.0
30/12/2022,"19,00","19,00","19,00","19,00","109,51K","0,00%",19.0,19.0,19.0,19.0
02/01/2023,"19,00","19,00","19,00","19,00","104,31K","0,00%",19.0,19.0,19.0,19.0
03/01/2023,"19,00","19,00","19,00","19,00","32,01K","0,00%",19.0,19.0,19.0,19.0
04/01/2023,"19,00","19,00","19,00","19,00","24,66K","0,00%",19.0,19.0,19.0,19.0
05/01/2023,"20,00","20,00","20,00","20,00","665,71K","5,26%",20.0,20.0,20.0,20.0
06/01/2023,"19,00","19,00","19,00","19,00","3,31M","-5,00%",19.0,19.0,19.0,19.0
09/01/2023,"19,00","19,00","19,00","19,00","1,26M","0,00%",19.0,19.0,19.0,19.0
10/01/2023,"18,00","18,00","18,00","18,00","292,72K","-5,26%",18.0,18.0,18.0,18.0
11/01/2023,"19,00","19,00","19,00","19,00","12,95K","5,56%",19.0,19.0,19.0,19.0
12/01/2023,"19,00","19,00","19,00","19,00","38,44K","0,00%",19.0,19.0,19.0,19.0
13/01/2023,"19,00","19,00","19,00","19,00","49,38K","0,00%",19.0,19.0,19.0,19.0
16/01/2023,"19,00","19,00","19,00","19,00","52,20K","0,00%",19.0,19.0,19.0,19.0
17/01/2023,"20,00","20,00","20,00","20,00","104,93K","5,26%",20.0,20.0,20.0,20.0
18/01/2023,"20,00","20,00","20,00","20,00","20,25K","0,00%",20.0,20.0,20.0,20.0
19/01/2023,"20,00","20,00","20,00","20,00","56,16K","0,00%",20.0,20.0,20.0,20.0
20/01/2023,"20,00","20,00","20,00","20,00","59,55K","0,00%",20.0,20.0,20.0,20.0
23/01/2023,"20,00","20,00","20,00","20,00","48,30K","0,00%",20.0,20.0,20.0,20.0
24/01/2023,"20,00","20,00","20,00","20,00","15,71K","0,00%",20.0,20.0,20.0,20.0
25/01/2023,"20,00","20,00","20,00","20,00","94,06K","0,00%",20.0,20.0,20.0,20.0
26/01/2023,"20,00","20,00","20,00","20,00","333,02K","0,00%",20.0,20.0,20.0,20.0
27/01/2023,"20,00","20,00","20,00","20,00","16,70K","0,00%",20.0,20.0,20.0,20.0
30/01/2023,"20,00","20,00","20,00","20,00","44,76K","0,00%",20.0,20.0,20.0,20.0
31/01/2023,"20,00","20,00","20,00","20,00","127,13K","0,00%",20.0,20.0,20.0,20.0
01/02/2023,"20,00","20,00","20,00","20,00","91,96K","0,00%",20.0,20.0,20.0,20.0
02/02/2023,"20,00","20,00","20,00","20,00","89,42K","0,00%",20.0,20.0,20.0,20.0
03/02/2023,"20,00","20,00","20,00","20,00","50,50K","0,00%",20.0,20.0,20.0,20.0
06/02/2023,"20,00","20,00","20,00","20,00","60,84K","0,00%",20.0,20.0,20.0,20.0
07/02/2023,"20,00","20,00","20,00","20,00","116,17K","0,00%",20.0,20.0,20.0,20.0
08/02/2023,"19,00","19,00","19,00","19,00","21,75K","-5,00%",19.0,19.0,19.0,19.0
09/02/2023,"20,00","20,00","20,00","20,00","1,10M","5,26%",20.0,20.0,20.0,20.0
10/02/2023,"20,00","20,00","20,00","20,00","200,47K","0,00%",20.0,20.0,20.0,20.0
13/02/2023,"20,00","20,00","20,00","20,00","100,60K","0,00%",20.0,20.0,20.0,20.0
14/02/2023,"20,00","20,00","20,00","20,00","74,09K","0,00%",20.0,20.0,20.0,20.0
15/02/2023,"20,00","20,00","20,00","20,00","76,71K","0,00%",20.0,20.0,20.0,20.0
16/02/2023,"20,00","20,00","20,00","20,00","18,03M","0,00%",20.0,20.0,20.0,20.0
17/02/2023,"20,00","20,00","20,00","20,00","17,23K","0,00%",20.0,20.0,20.0,20.0
20/02/2023,"20,00","20,00","20,00","20,00","551,63K","0,00%",20.0,20.0,20.0,20.0
21/02/2023,"21,00","21,00","21,00","21,00","1,05M","5,00%",21.0,21.0,21.0,21.0
22/02/2023,"20,00","20,00","20,00","20,00","389,48K","-4,76%",20.0,20.0,20.0,20.0
23/02/2023,"20,00","20,00","20,00","20,00","264,04K","0,00%",20.0,20.0,20.0,20.0
24/02/2023,"20,00","20,00","20,00","20,00","303,17K","0,00%",20.0,20.0,20.0,20.0
27/02/2023,"20,00","20,00","20,00","20,00","57,74K","0,00%",20.0,20.0,20.0,20.0
28/02/2023,"20,00","20,00","20,00","20,00","52,68K","0,00%",20.0,20.0,20.0,20.0
01/03/2023,"20,00","20,00","20,00","20,00","96,58K","0,00%",20.0,20.0,20.0,20.0
02/03/2023,"20,00","20,00","20,00","20,00","113,96K","0,00%",20.0,20.0,20.0,20.0
03/03/2023,"20,00","20,00","20,00","20,00","334,79K","0,00%",20.0,20.0,20.0,20.0
06/03/2023,"20,00","20,00","20,00","20,00","1,32M","0,00%",20.0,20.0,20.0,20.0
07/03/2023,"20,00","20,00","20,00","20,00","13,77K","0,00%",20.0,20.0,20.0,20.0
08/03/2023,"20,00","20,00","20,00","20,00","259,65K","0,00%",20.0,20.0,20.0,20.0
09/03/2023,"20,00","20,00","20,00","20,00","27,36K","0,00%",20.0,20.0,20.0,20.0
10/03/2023,"20,00","20,00","20,00","20,00","49,81K","0,00%",20.0,20.0,20.0,20.0
13/03/2023,"20,00","20,00","20,00","20,00","1,06M","0,00%",20.0,20.0,20.0,20.0
14/03/2023,"20,00","20,00","20,00","20,00","1,06M","0,00%",20.0,20.0,20.0,20.0
15/03/2023,"20,00","20,00","20,00","20,00","2,82M","0,00%",20.0,20.0,20.0,20.0
16/03/2023,"20,00","20,00","20,00","20,00","462,17K","0,00%",20.0,20.0,20.0,20.0
17/03/2023,"20,00","20,00","20,00","20,00","1,15M","0,00%",20.0,20.0,20.0,20.0
20/03/2023,"20,00","20,00","20,00","20,00","474,41K","0,00%",20.0,20.0,20.0,20.0
21/03/2023,"20,00","20,00","20,00","20,00","560,02K","0,00%",20.0,20.0,20.0,20.0
22/03/2023,"20,00","20,00","20,00","20,00","195,81K","0,00%",20.0,20.0,20.0,20.0
23/03/2023,"20,00","20,00","20,00","20,00","913,35K","0,00%",20.0,20.0,20.0,20.0
24/03/2023,"20,00","20,00","20,00","20,00","1,28M","0,00%",20.0,20.0,20.0,20.0
27/03/2023,"20,00","20,00","20,00","20,00","507,89K","0,00%",20.0,20.0,20.0,20.0
28/03/2023,"20,00","20,00","20,00","20,00","684,00K","0,00%",20.0,20.0,20.0,20.0
29/03/2023,"19,00","19,00","19,00","19,00","2,71M","-5,00%",19.0,19.0,19.0,19.0
30/03/2023,"18,00","18,00","18,00","18,00","5,42M","-5,26%",18.0,18.0,18.0,18.0
31/03/2023,"17,00","17,00","17,00","17,00","383,00K","-5,56%",17.0,17.0,17.0,17.0
03/04/2023,"17,00","17,00","17,00","17,00","1,90M","0,00%",17.0,17.0,17.0,17.0
04/04/2023,"17,00","17,00","17,00","17,00","1,05M","0,00%",17.0,17.0,17.0,17.0
05/04/2023,"17,00","17,00","17,00","17,00","229,94K","0,00%",17.0,17.0,17.0,17.0
06/04/2023,"17,00","17,00","17,00","17,00","2,65M","0,00%",17.0,17.0,17.0,17.0
07/04/2023,"16,00","16,00","16,00","16,00","279,97K","-5,88%",16.0,16.0,16.0,16.0
11/04/2023,"17,00","17,00","17,00","17,00","2,03M","6,25%",17.0,17.0,17.0,17.0
12/04/2023,"18,00","18,00","18,00","18,00","149,38K","5,88%",18.0,18.0,18.0,18.0
13/04/2023,"18,00","18,00","18,00","18,00","7,10M","0,00%",18.0,18.0,18.0,18.0
14/04/2023,"18,00","18,00","18,00","18,00","461,32K","0,00%",18.0,18.0,18.0,18.0
17/04/2023,"18,00","18,00","18,00","18,00","562,71K","0,00%",18.0,18.0,18.0,18.0
19/04/2023,"18,00","18,00","18,00","18,00","69,38K","0,00%",18.0,18.0,18.0,18.0
20/04/2023,"18,00","18,00","18,00","18,00","2,02M","0,00%",18.0,18.0,18.0,18.0
24/04/2023,"18,00","18,00","18,00","18,00","48,21K","0,00%",18.0,18.0,18.0,18.0
25/04/2023,"18,00","18,00","18,00","18,00","111,27K","0,00%",18.0,18.0,18.0,18.0
26/04/2023,"18,00","18,00","18,00","18,00","35,66K","0,00%",18.0,18.0,18.0,18.0
27/04/2023,"18,00","18,00","18,00","18,00","6,84K","0,00%",18.0,18.0,18.0,18.0
28/04/2023,"18,00","18,00","18,00","18,00","130,99K","0,00%",18.0,18.0,18.0,18.0
02/05/2023,"18,00","18,00","18,00","18,00","284,78K","0,00%",18.0,18.0,18.0,18.0
03/05/2023,"17,00","17,00","17,00","17,00","545,96K","-5,56%",17.0,17.0,17.0,17.0
04/05/2023,"18,00","18,00","18,00","18,00","558,22K","5,88%",18.0,18.0,18.0,18.0
05/05/2023,"18,00","18,00","18,00","18,00","240,09K","0,00%",18.0,18.0,18.0,18.0
08/05/2023,"18,00","18,00","18,00","18,00","734,35K","0,00%",18.0,18.0,18.0,18.0
09/05/2023,"18,00","18,00","18,00","18,00","713,48K","0,00%",18.0,18.0,18.0,18.0
10/05/2023,"18,00","18,00","18,00","18,00","30,82K","0,00%",18.0,18.0,18.0,18.0
11/05/2023,"18,00","18,00","18,00","18,00","49,46K","0,00%",18.0,18.0,18.0,18.0
12/05/2023,"18,00","18,00","18,00","18,00","157,16K","0,00%",18.0,18.0,18.0,18.0
15/05/2023,"18,00","18,00","18,00","18,00","75,12K","0,00%",18.0,18.0,18.0,18.0
16/05/2023,"18,00","18,00","18,00","18,00","129,49K","0,00%",18.0,18.0,18.0,18.0
